5.626386492404949e-04  5.286512415943710e-01  1.823258955920558e-04  5.244667036473950e-04  9.399168866264399e+02  4.926140873855526e-01  4.235051939251356e-01
7.137254669279721e-04  6.706693599453580e-01  2.568096699818036e-04  5.476856028547758e-04  9.400339496141506e+02  5.144177284289457e-01  4.490568945718830e-01
8.936411820365177e-04  8.398072833593001e-01  3.527415799079868e-04  5.891964304869217e-04  9.401536565543828e+02  5.533933736361704e-01  4.661941371767210e-01
1.105812785452920e-03  1.039294363356889e+00  4.734057915933493e-04  6.225214738318353e-04  9.402746855772494e+02  5.846686092944651e-01  4.728698758895468e-01
1.353840463294441e-03  1.272523910516320e+00  6.218165611271077e-04  6.490879173770873e-04  9.403956829448923e+02  6.095813490120858e-01  4.670149267240479e-01
1.641493911554389e-03  1.543049638380221e+00  8.004907721307188e-04  6.679457404102809e-04  9.405152941994561e+02  6.272373205756692e-01  4.465804320421250e-01
1.972708778274120e-03  1.854582182895343e+00  1.011211176871586e-03  6.783645579923205e-04  9.406321979743313e+02  6.369495082382453e-01  4.095856873616145e-01
2.351583234609673e-03  2.210985703595131e+00  1.254801532326546e-03  6.798980700072451e-04  9.407451424928995e+02  6.382989798613771e-01  3.541710726689900e-01
2.782374673787578e-03  2.616274574490601e+00  1.530941940912038e-03  6.724525945344913e-04  9.408529847151989e+02  6.311994392904010e-01  2.786557304770205e-01
3.269496535355192e-03  3.074610175533279e+00  1.838060732711937e-03  6.563590137119947e-04  9.409547320204116e+02  6.159647956921424e-01  1.815995131020127e-01
3.817515251094795e-03  3.590297799812989e+00  2.173347646314954e-03  6.324472299441633e-04  9.410495862273949e+02  5.933788134346247e-01  6.186848955368952e-02
4.431147308325050e-03  4.167783696356051e+00  2.532942144687724e-03  6.021219757695363e-04  9.411369896610307e+02  5.647656585494495e-01  -8.129691585854935e-02
5.115256425943011e-03  4.811652274271291e+00  2.912359822146198e-03  5.674385026631669e-04  9.412166728679115e+02  5.320598558148473e-01  -2.482123495556560e-01
5.874850838382822e-03  5.526623500008754e+00  3.307228742590064e-03  5.311763767650600e-04  9.412887034717319e+02  4.978738950670273e-01  -4.386799904376967e-01
6.715080682625092e-03  6.317550526075572e+00  3.714415955446128e-03  4.969092927249747e-04  9.413535355403818e+02  4.655614406604748e-01  -6.519207930137317e-01
7.641235483441601e-03  7.189417596089129e+00  4.133631478265134e-03  4.690684896268288e-04  9.414120587116570e+02  4.392738144881907e-01  -8.865105358889062e-01
8.658741732173507e-03  8.147338277648025e+00  4.569602520014929e-03  4.529970470100369e-04  9.414656462008684e+02  4.240071719584657e-01  -1.140321948879278e+00
9.773160554495952e-03  9.196554080432236e+00  5.034913557339530e-03  4.549920565140703e-04  9.415162006888133e+02  4.256375748366699e-01  -1.410475419225644e+00
1.099018546280230e-02  1.034243352252835e+01  5.553607707488251e-03  4.823314302114561e-04  9.415661969729185e+02  4.509410080852260e-01  -1.693300940657429e+00
1.231564018903624e-02  1.159047171221686e+01  6.165640543071501e-03  5.432819483782425e-04  9.416187201604971e+02  5.075953150703303e-01  -1.984314068245544e+00
1.375547659400162e-02  1.294629051550467e+01  6.932268624339208e-03  6.470850999588598e-04  9.416774980938951e+02  6.041610648036231e-01  -2.278208635490804e+00
1.531577264938275e-02  1.441563938107176e+01  7.942440629589938e-03  8.039173643130371e-04  9.417469266418431e+02  7.500385456282191e-01  -2.568868866526337e+00
1.700273048890788e-02  1.600439689321032e+01  9.320238717277574e-03  1.024821869433222e-03  9.418320864623810e+02  9.553984390970541e-01  -2.849403228770005e+00
1.882267452528345e-02  1.771857312029397e+01  1.123339118166304e-02  1.321608882319276e-03  9.419387498657435e+02  1.231084297317506e+00  -3.112201889552051e+00
2.078204962971447e-02  1.956431282013192e+01  1.390284477260552e-02  1.706723406207343e-03  9.420733764830745e+02  1.588485777022892e+00  -3.349018933022950e+00
2.288741937100584e-02  2.154789955462326e+01  1.761334659308988e-02  2.193079336920550e-03  9.422430965954807e+02  2.039382718663169e+00  -3.551079507272036e+00
2.514546431141033e-02  2.367576075404604e+01  2.272494291134551e-02  2.793861197141339e-03  9.424556812101748e+02  2.595761615330274e+00  -3.709210778665024e+00
2.756298035655117e-02  2.595447375638085e+01  2.968525706508323e-02  3.522296474332885e-03  9.427194983024272e+02  3.269607831208619e+00  -3.813993933909824e+00
3.014687715689958e-02  2.839077282944574e+01  3.904236463738345e-02  4.391404062624435e-03  9.430434550856060e+02  4.072679119175437e+00  -3.855932472854211e+00
3.290417655843220e-02  3.099155716398073e+01  5.145804511663427e-02  5.413727210578739e-03  9.434369267369131e+02  5.016268510239326e+00  -3.825629682178818e+00
3.584201110022858e-02  3.376389980520514e+01  6.772116145927755e-02  6.601062630109187e-03  9.439096727038115e+02  6.110967436549511e+00  -3.713965509688961e+00
3.896762255689611e-02  3.671505747017321e+01  8.876090873713056e-02  7.964200901001656e-03  9.444717425388989e+02  7.366442899538422e+00  -3.512260163251586e+00
4.228836052382957e-02  3.985248118006722e+01  1.156596891809523e-01  9.512696769582999e-03  9.451333741521186e+02  8.791245404224316e+00  -3.212408784956796e+00
4.581168104342377e-02  4.318382762310168e+01  1.496654216707932e-01  1.125469106015885e-02  9.459048883994993e+02  1.039266697867484e+01  -2.806968729437362e+00
4.954514527046328e-02  4.671697115729933e+01  1.922031883044863e-01  1.319680829515759e-02  9.467965850040451e+02  1.217667055888133e+01  -2.289178605410219e+00
5.349641817501100e-02  5.046001636617547e+01  2.448862669843940e-01  1.534415526033197e-02  9.478186458630173e+02  1.414791293791449e+01  -1.652886704018687e+00
5.767326728121003e-02  5.442131109758283e+01  3.095268025589384e-01  1.770044513284562e-02  9.489810527515372e+02  1.630988292494422e+01  -8.923661575959980e-01
6.208356144049836e-02  5.860945994943800e+01  3.881466318887734e-01  2.026826892028660e-02  9.502935271822647e+02  1.866517392789159e+01  -1.995599712193267e-03
6.673526963781830e-02  6.303333821854793e+01  4.829890965162377e-01  2.304953043441068e-02  9.517655006082598e+02  2.121590552573421e+01  1.024212372090545e+00
7.163645982947665e-02  6.770210640191107e+01  5.965330397167499e-01  2.604605262775451e-02  9.534061231418451e+02  2.396430154646186e+01  2.193246693846006e+00
7.679529781138372e-02  7.262522543405237e+01  7.315105736556806e-01  2.926035188676238e-02  9.552243183935472e+02  2.691342273192081e+01  3.513900584312605e+00
8.222004611646518e-02  7.781247295806827e+01  8.909305895981083e-01  3.269656312934911e-02  9.572288908252629e+02  3.006804051328243e+01  4.997733914837538e+00
8.791906294010340e-02  8.327396105857476e+01  1.078110333409410e+00  3.636148292434643e-02  9.594286901061707e+02  3.343562525394113e+01  6.660174497908643e+00
9.390080109252322e-02  8.902015602615030e+01  1.296717636813479e+00  4.026568119142168e-02  9.618328343543413e+02  3.702740824893984e+01  8.521722865678404e+00
1.001738069770927e-01  9.506190086687117e+01  1.550826532906451e+00  4.434927286998702e-02  9.644509908849839e+02  4.079016651707947e+01  1.060920931459352e+01
1.067467195935598e-01  1.014104414067246e+02  1.844988939948990e+00  4.826402453263839e-02  9.672937092570302e+02  4.440571101232521e+01  1.295703570454081e+01
1.136282695652959e-01  1.080774171812341e+02  2.180585535126321e+00  5.174319717372206e-02  9.703395390792394e+02  4.763000816043434e+01  1.557264540020767e+01
1.208272781896616e-01  1.150742614955319e+02  2.551035218325884e+00  5.525391528659389e-02  9.734995149789212e+02  5.089295894592144e+01  1.842298309292460e+01
1.283526565106536e-01  1.224127675507195e+02  2.967976375589541e+00  5.939520019061983e-02  9.768457259464921e+02  5.475039074450330e+01  2.166192220080532e+01
1.362134044130313e-01  1.301054723783820e+02  3.439896505034518e+00  6.422663013903665e-02  9.804128269085525e+02  5.926238513895189e+01  2.539268722409005e+01
1.444186097371614e-01  1.381655501620509e+02  3.975523908543967e+00  6.966429145382277e-02  9.842296247643396e+02  6.435792205134891e+01  2.971305204900424e+01
1.529774474138521e-01  1.466068522971679e+02  4.584675690630221e+00  7.573717979671468e-02  9.883256031771550e+02  7.007164680264100e+01  3.472418887109050e+01
1.618991786184844e-01  1.554439783215596e+02  5.278636016303945e+00  8.250297008214780e-02  9.927327347139012e+02  7.646685309118523e+01  4.053177621842132e+01
1.711931499437788e-01  1.646923636602260e+02  6.070434306699669e+00  9.002758723102133e-02  9.974861612336988e+02  8.361722369359782e+01  4.724427608427629e+01
1.808687925905658e-01  1.743683798085420e+02  6.975075620778155e+00  9.837578947833373e-02  1.002624349020940e+03  9.159873489613884e+01  5.496933488542989e+01
1.909356215759587e-01  1.844894439737154e+02  8.009724215336181e+00  1.076036940184275e-01  1.008188868060271e+03  1.004833283081426e+02  6.380864285884242e+01
2.014032349583497e-01  1.950741349123652e+02  9.193825976282707e+00  1.177516308409653e-01  1.014223832754670e+03  1.103327906799214e+02  7.385151431641518e+01
2.122813130786819e-01  2.061423109102073e+02  1.054914970963373e+01  1.288371728417212e-01  1.020775015366158e+03  1.211926027819027e+02  8.516756453017373e+01
2.235796178174680e-01  2.177152249433483e+02  1.209972655944029e+01  1.408487396723289e-01  1.027888649896567e+03  1.330860063952324e+02  9.779905965078376e+01
2.353079918670525e-01  2.298156312892295e+02  1.387167053883111e+01  1.537404595186100e-01  1.035609967577052e+03  1.460088016282732e+02  1.117537403454184e+02
2.474763580186347e-01  2.424678774419697e+02  1.589287145061370e+01  1.674290960003323e-01  1.043981538119808e+03  1.599255256165413e+02  1.269990954014447e+02
2.600947184635916e-01  2.556979753332294e+02  1.819256399065596e+01  1.817937937172818e-01  1.053041526340045e+03  1.747676720317008e+02  1.434591063001479e+02
2.731731541086549e-01  2.695336467073408e+02  2.080079218304228e+01  1.966791450968077e-01  1.062822003273802e+03  1.904344672134889e+02  1.610143266801240e+02
2.867218239045213e-01  2.840043390793210e+02  2.374780392467246e+01  2.119016504671899e-01  1.073347465543733e+03  2.067964249313189e+02  1.795057742584463e+02
3.007509641874849e-01  2.991412108969418e+02  2.706342296133491e+01  2.272591078052830e-01  1.084633709286880e+03  2.237015021663598e+02  1.987425418401147e+02
3.152708880337049e-01  3.149770870596099e+02  3.077645181872283e+01  2.425419533309001e-01  1.096687172846009e+03  2.409832591966158e+02  2.185123997976772e+02
3.302919846257314e-01  3.315463884351775e+02  3.491415702346728e+01  2.575452179652934e-01  1.109504809430659e+03  2.584700946515859e+02  2.385941309849141e+02
3.458247186309289e-01  3.488850410600068e+02  3.950187738794419e+01  2.720796702051779e-01  1.123074486941016e+03  2.759944694999288e+02  2.587700611041898e+02
3.618796295914536e-01  3.670303719920971e+02  4.456277942140836e+01  2.859809086424802e-01  1.137375850301877e+03  2.934010923300684e+02  2.788372971949551e+02
3.784673313254492e-01  3.860209991620814e+02  5.011776480179079e+01  2.991155857701201e-01  1.152381534322792e+03  3.105532865853384e+02  2.986165326900402e+02
3.955985113391450e-01  4.058967220752788e+02  5.618551730460913e+01  3.113844669435971e-01  1.168058590047999e+03  3.273371214026694e+02  3.179578005949014e+02
4.132839302495452e-01  4.266984190618147e+02  6.278266370509402e+01  3.227225200464550e-01  1.184369986201388e+03  3.436632637404004e+02  3.367431038667264e+02
4.315344212174165e-01  4.484679552381726e+02  6.992401637131201e+01  3.330965912113763e-01  1.201276065411036e+03  3.594668170345784e+02  3.548862950577263e+02
4.503608893902881e-01  4.712481037233867e+02  7.762286431513468e+01  3.425014056106961e-01  1.218735864878499e+03  3.747056036081190e+02  3.723308465495418e+02
4.697743113551894e-01  4.950824811774487e+02  8.589128297351408e+01  3.509546505814052e-01  1.236708245018740e+03  3.893574179234969e+02  3.890462429070373e+02
4.897857346008629e-01  5.200154975411047e+02  9.474043910022031e+01  3.584917971877588e-01  1.255152800933056e+03  4.034167490433728e+02  4.050236772892445e+02
5.104062769891953e-01  5.460923190092893e+02  1.041808741252857e+02  3.651611528102167e-01  1.274030556541024e+03  4.168913805928978e+02  4.202716015168473e+02
5.316471262356254e-01  5.733588427521703e+02  1.142227559106009e+02  3.710194610896251e-01  1.293304458412583e+03  4.297991616939431e+02  4.348115174352213e+02
5.535195393982886e-01  6.018616816546789e+02  1.248760942638927e+02  3.761282097362789e-01  1.312939696236532e+03  4.421651302529922e+02  4.486742434763952e+02
5.760348423756698e-01  6.316481573075932e+02  1.361509196033971e+02  3.805506873781408e-01  1.332903880856324e+03  4.540190765912817e+02  4.618967652916272e+02
5.992044294125499e-01  6.627662995823252e+02  1.480574268433140e+02  3.843497506460896e-01  1.353167110631269e+03  4.653935667200098e+02  4.745196894873610e+02
6.230397626140262e-01  6.952648512995354e+02  1.606060881170778e+02  3.875862170933417e-01  1.373701954150920e+03  4.763223998854947e+02  4.865852625086543e+02
6.475523714674059e-01  7.291932767146031e+02  1.738077386509341e+02  3.903177800468716e-01  1.394483373320467e+03  4.868394501454962e+02  4.981358860405906e+02
6.727538523717745e-01  7.646017727610304e+02  1.876736402120978e+02  3.925983395700405e-01  1.415488606443363e+03  4.969778313971535e+02  5.092130484216880e+02
6.986558681750468e-01  8.015412821976280e+02  2.022155263059711e+02  3.944776521912916e-01  1.436697026714315e+03  5.067693244981235e+02  5.198565917543873e+02
7.252701477183126e-01  8.400635079869407e+02  2.174456328523396e+02  3.960012155981443e-01  1.458089987801353e+03  5.162440099192975e+02  5.301042414207484e+02
7.526084853873057e-01  8.802209283872514e+02  2.333767175464816e+02  3.972103195632715e-01  1.479650665060805e+03  5.254300568676515e+02  5.399913348919312e+02
7.806827406708161e-01  9.220668123684693e+02  2.500220705811186e+02  3.981422088473809e-01  1.501363898403144e+03  5.343536281387441e+02  5.495506977073901e+02
8.095048377258810e-01  9.656552350654938e+02  2.673955189114298e+02  3.988303166278852e-01  1.523216040858875e+03  5.430388679847262e+02  5.588126249379716e+02
8.390867649495932e-01  1.011041093064224e+03  2.855114258088476e+02  3.993045377209075e-01  1.545194815402624e+03  5.515079474401144e+02  5.678049356626993e+02
8.694405745573697e-01  1.058280119378778e+03  3.043846870771337e+02  3.995915194838651e-01  1.567289181494251e+03  5.597811476084775e+02  5.765530757406693e+02
9.005783821675278e-01  1.107428898026835e+03  3.240307249952190e+02  3.997149550025342e-01  1.589489212007057e+03  5.678769663608143e+02  5.850802504563209e+02
9.325123663920247e-01  1.158544878146440e+03  3.444654807999716e+02  3.996958682635932e-01  1.611785980663929e+03  5.758122378233736e+02  5.934075735967327e+02
9.652547684332143e-01  1.211686387624401e+03  3.657054063210088e+02  3.995528847909491e-01  1.634171459733688e+03  5.836022570798049e+02  6.015542233745675e+02
9.988178916864883e-01  1.266912646225976e+03  3.877674552210530e+02  3.993024839598920e-01  1.656638427504661e+03  5.912609048318551e+02  6.095375985398073e+02
1.033214101348663e+00  1.324283778229264e+03  4.106690741716552e+02  3.989592311375027e-01  1.679180384913704e+03  5.988007684979400e+02  6.173734702130436e+02
1.068455824031988e+00  1.383860824577345e+03  4.344281941987582e+02  3.985359891285537e-01  1.701791480638381e+03  6.062332575057245e+02  6.250761265838623e+02
1.104555547383643e+00  1.445705754567317e+03  4.590632223597308e+02  3.980441092908211e-01  1.724466443936536e+03  6.135687114586623e+02  6.326585087836281e+02
1.141525819710612e+00  1.509881477099450e+03  4.845930338585533e+02  3.975165876432809e-01  1.747200524525692e+03  6.208523981820675e+02  6.401323370706667e+02
1.179379249609805e+00  1.576451851511655e+03  5.110369646647214e+02  3.972327186028277e-01  1.769989438823020e+03  6.285221690844047e+02  6.475082270424840e+02
