7.0000e-01  5.3317e-01  5.2362e-01  4.5415e-01  3.8596e-01  3.1975e-01  2.5609e-01  1.9542e-01  1.3772e-01  8.2833e-02  2.9932e-02  -2.3003e-02
8.0000e-01  5.2569e-01  6.4419e-01  5.6853e-01  4.9102e-01  4.1286e-01  3.3509e-01  2.5858e-01  1.8359e-01  1.1007e-01  3.7009e-02  -3.8488e-02
9.0000e-01  5.1877e-01  7.5608e-01  6.8206e-01  6.0265e-01  5.1945e-01  4.3392e-01  3.4730e-01  2.6015e-01  1.7256e-01  8.3349e-02  -1.1131e-02
1.0000e+00  5.2605e-01  8.4046e-01  7.7624e-01  7.0346e-01  6.2393e-01  5.3935e-01  4.5118e-01  3.6022e-01  2.6669e-01  1.6933e-01  6.3994e-02
1.1000e+00  5.5350e-01  8.9883e-01  8.4984e-01  7.8984e-01  7.2063e-01  6.4394e-01  5.6136e-01  4.7381e-01  3.8160e-01  2.8350e-01  1.7508e-01
1.2000e+00  5.9873e-01  9.3595e-01  9.0470e-01  8.6075e-01  8.0575e-01  7.4133e-01  6.6905e-01  5.8991e-01  5.0424e-01  4.1089e-01  3.0536e-01
1.3000e+00  6.5374e-01  9.5499e-01  9.4188e-01  9.1510e-01  8.7602e-01  8.2609e-01  7.6675e-01  6.9897e-01  6.2314e-01  5.3817e-01  4.3964e-01
1.4000e+00  7.0937e-01  9.5724e-01  9.6137e-01  9.5147e-01  9.2856e-01  8.9384e-01  8.4857e-01  7.9368e-01  7.2953e-01  6.5512e-01  5.6624e-01
1.5000e+00  7.5831e-01  9.4393e-01  9.6368e-01  9.6949e-01  9.6202e-01  9.4221e-01  9.1109e-01  8.6951e-01  8.1780e-01  7.5507e-01  6.7734e-01
1.6000e+00  7.9644e-01  9.1752e-01  9.5085e-01  9.7066e-01  9.7730e-01  9.7139e-01  9.5376e-01  9.2512e-01  8.8580e-01  8.3499e-01  7.6902e-01
1.7000e+00  8.2271e-01  8.8151e-01  9.2627e-01  9.5818e-01  9.7724e-01  9.8381e-01  9.7851e-01  9.6193e-01  9.3434e-01  8.9506e-01  8.4073e-01
1.8000e+00  8.3818e-01  8.3968e-01  8.9383e-01  9.3591e-01  9.6564e-01  9.8312e-01  9.8875e-01  9.8303e-01  9.6618e-01  9.3762e-01  8.9429e-01
1.9000e+00  8.4494e-01  7.9531e-01  8.5706e-01  9.0757e-01  9.4629e-01  9.7311e-01  9.8825e-01  9.9210e-01  9.8483e-01  9.6595e-01  9.3273e-01
2.0000e+00  8.4522e-01  7.5086e-01  8.1870e-01  8.7611e-01  9.2234e-01  9.5709e-01  9.8039e-01  9.9254e-01  9.9369e-01  9.8341e-01  9.5928e-01
2.1000e+00  8.4100e-01  7.0792e-01  7.8062e-01  8.4368e-01  8.9616e-01  9.3758e-01  9.6784e-01  9.8715e-01  9.9562e-01  9.9291e-01  9.7684e-01
2.2000e+00  8.3385e-01  6.6739e-01  7.4399e-01  8.1168e-01  8.6935e-01  9.1639e-01  9.5258e-01  9.7803e-01  9.9285e-01  9.9675e-01  9.8781e-01
2.3000e+00  8.2491e-01  6.2971e-01  7.0944e-01  7.8092e-01  8.4293e-01  8.9472e-01  9.3595e-01  9.6670e-01  9.8702e-01  9.9669e-01  9.9401e-01
2.4000e+00  8.1498e-01  5.9499e-01  6.7724e-01  7.5185e-01  8.1749e-01  8.7331e-01  9.1887e-01  9.5418e-01  9.7928e-01  9.9399e-01  9.9683e-01
2.5000e+00  8.0462e-01  5.6315e-01  6.4744e-01  7.2466e-01  7.9337e-01  8.5262e-01  9.0189e-01  9.4115e-01  9.7042e-01  9.8955e-01  9.9726e-01
2.6000e+00  7.9417e-01  5.3401e-01  6.1998e-01  6.9939e-01  7.7069e-01  8.3289e-01  8.8538e-01  9.2807e-01  9.6098e-01  9.8401e-01  9.9602e-01
2.7000e+00  7.8387e-01  5.0737e-01  5.9472e-01  6.7596e-01  7.4949e-01  8.1423e-01  8.6951e-01  9.1521e-01  9.5132e-01  9.7779e-01  9.9364e-01
2.8000e+00  7.7386e-01  4.8299e-01  5.7148e-01  6.5429e-01  7.2973e-01  7.9667e-01  8.5440e-01  9.0275e-01  9.4169e-01  9.7122e-01  9.9047e-01
2.9000e+00  7.6422e-01  4.6065e-01  5.5010e-01  6.3424e-01  7.1134e-01  7.8021e-01  8.4008e-01  8.9077e-01  9.3223e-01  9.6448e-01  9.8679e-01
3.0000e+00  7.5500e-01  4.4014e-01  5.3039e-01  6.1568e-01  6.9423e-01  7.6479e-01  8.2656e-01  8.7932e-01  9.2303e-01  9.5772e-01  9.8279e-01
3.1000e+00  7.4621e-01  4.2128e-01  5.1220e-01  5.9848e-01  6.7830e-01  7.5036e-01  8.1382e-01  8.6843e-01  9.1415e-01  9.5104e-01  9.7859e-01
3.2000e+00  7.3786e-01  4.0389e-01  4.9539e-01  5.8253e-01  6.6345e-01  7.3684e-01  8.0181e-01  8.5810e-01  9.0563e-01  9.4450e-01  9.7431e-01
3.3000e+00  7.2994e-01  3.8783e-01  4.7980e-01  5.6770e-01  6.4961e-01  7.2419e-01  7.9051e-01  8.4829e-01  8.9746e-01  9.3814e-01  9.6999e-01
3.4000e+00  7.2242e-01  3.7295e-01  4.6534e-01  5.5389e-01  6.3668e-01  7.1232e-01  7.7987e-01  8.3900e-01  8.8966e-01  9.3198e-01  9.6571e-01
3.5000e+00  7.1530e-01  3.5913e-01  4.5188e-01  5.4102e-01  6.2459e-01  7.0119e-01  7.6983e-01  8.3020e-01  8.8222e-01  9.2604e-01  9.6148e-01
3.6000e+00  7.0854e-01  3.4628e-01  4.3933e-01  5.2899e-01  6.1327e-01  6.9072e-01  7.6037e-01  8.2187e-01  8.7512e-01  9.2031e-01  9.5733e-01
3.7000e+00  7.0214e-01  3.3430e-01  4.2762e-01  5.1773e-01  6.0264e-01  6.8088e-01  7.5144e-01  8.1396e-01  8.6836e-01  9.1481e-01  9.5329e-01
3.8000e+00  6.9607e-01  3.2311e-01  4.1665e-01  5.0717e-01  5.9265e-01  6.7161e-01  7.4301e-01  8.0647e-01  8.6191e-01  9.0953e-01  9.4935e-01
3.9000e+00  6.9030e-01  3.1264e-01  4.0637e-01  4.9726e-01  5.8326e-01  6.6287e-01  7.3503e-01  7.9936e-01  8.5577e-01  9.0446e-01  9.4553e-01
4.0000e+00  6.8482e-01  3.0282e-01  3.9672e-01  4.8794e-01  5.7440e-01  6.5461e-01  7.2747e-01  7.9260e-01  8.4990e-01  8.9960e-01  9.4182e-01
4.1000e+00  6.7962e-01  2.9359e-01  3.8764e-01  4.7915e-01  5.6605e-01  6.4680e-01  7.2031e-01  7.8619e-01  8.4431e-01  8.9494e-01  9.3824e-01
4.2000e+00  6.7466e-01  2.8491e-01  3.7908e-01  4.7086e-01  5.5815e-01  6.3941e-01  7.1352e-01  7.8008e-01  8.3898e-01  8.9047e-01  9.3478e-01
4.3000e+00  6.6995e-01  2.7673e-01  3.7101e-01  4.6303e-01  5.5068e-01  6.3240e-01  7.0707e-01  7.7427e-01  8.3388e-01  8.8618e-01  9.3143e-01
4.4000e+00  6.6545e-01  2.6900e-01  3.6338e-01  4.5562e-01  5.4360e-01  6.2575e-01  7.0093e-01  7.6873e-01  8.2901e-01  8.8207e-01  9.2820e-01
4.5000e+00  6.6117e-01  2.6170e-01  3.5616e-01  4.4860e-01  5.3688e-01  6.1943e-01  6.9510e-01  7.6344e-01  8.2436e-01  8.7812e-01  9.2508e-01
4.6000e+00  6.5708e-01  2.5479e-01  3.4932e-01  4.4194e-01  5.3050e-01  6.1342e-01  6.8954e-01  7.5840e-01  8.1990e-01  8.7433e-01  9.2206e-01
4.7000e+00  6.5317e-01  2.4824e-01  3.4283e-01  4.3561e-01  5.2444e-01  6.0770e-01  6.8424e-01  7.5359e-01  8.1564e-01  8.7069e-01  9.1916e-01
4.8000e+00  6.4944e-01  2.4203e-01  3.3666e-01  4.2960e-01  5.1867e-01  6.0225e-01  6.7918e-01  7.4898e-01  8.1155e-01  8.6719e-01  9.1635e-01
4.9000e+00  6.4586e-01  2.3612e-01  3.3080e-01  4.2387e-01  5.1317e-01  5.9705e-01  6.7434e-01  7.4458e-01  8.0763e-01  8.6383e-01  9.1364e-01
5.0000e+00  6.4244e-01  2.3051e-01  3.2522e-01  4.1842e-01  5.0792e-01  5.9208e-01  6.6972e-01  7.4036e-01  8.0388e-01  8.6060e-01  9.1103e-01
5.1000e+00  6.3917e-01  2.2516e-01  3.1990e-01  4.1322e-01  5.0291e-01  5.8734e-01  6.6530e-01  7.3632e-01  8.0027e-01  8.5749e-01  9.0850e-01
5.2000e+00  6.3603e-01  2.2006e-01  3.1483e-01  4.0825e-01  4.9812e-01  5.8280e-01  6.6107e-01  7.3244e-01  7.9681e-01  8.5449e-01  9.0606e-01
5.3000e+00  6.3301e-01  2.1519e-01  3.0998e-01  4.0350e-01  4.9354e-01  5.7845e-01  6.5701e-01  7.2873e-01  7.9348e-01  8.5161e-01  9.0371e-01
5.4000e+00  6.3012e-01  2.1055e-01  3.0535e-01  3.9896e-01  4.8916e-01  5.7429e-01  6.5312e-01  7.2516e-01  7.9028e-01  8.4883e-01  9.0143e-01
5.5000e+00  6.2734e-01  2.0610e-01  3.0092e-01  3.9462e-01  4.8496e-01  5.7029e-01  6.4938e-01  7.2173e-01  7.8720e-01  8.4616e-01  8.9923e-01
5.6000e+00  6.2466e-01  2.0185e-01  2.9668e-01  3.9045e-01  4.8094e-01  5.6646e-01  6.4580e-01  7.1843e-01  7.8423e-01  8.4357e-01  8.9710e-01
5.7000e+00  6.2209e-01  1.9778e-01  2.9262e-01  3.8646e-01  4.7708e-01  5.6278e-01  6.4235e-01  7.1526e-01  7.8138e-01  8.4108e-01  8.9504e-01
5.8000e+00  6.1962e-01  1.9388e-01  2.8872e-01  3.8263e-01  4.7337e-01  5.5925e-01  6.3903e-01  7.1220e-01  7.7863e-01  8.3868e-01  8.9305e-01
5.9000e+00  6.1723e-01  1.9014e-01  2.8498e-01  3.7895e-01  4.6981e-01  5.5585e-01  6.3584e-01  7.0926e-01  7.7597e-01  8.3635e-01  8.9113e-01
6.0000e+00  6.1494e-01  1.8655e-01  2.8139e-01  3.7542e-01  4.6638e-01  5.5258e-01  6.3277e-01  7.0642e-01  7.7341e-01  8.3411e-01  8.8926e-01
