7.0000e-01  3.4194e-01  5.0881e-01  4.1474e-01  3.2245e-01  2.3596e-01  1.5785e-01  8.9198e-02  2.9952e-02  -2.0748e-02  -6.4092e-02  -1.0139e-01
8.0000e-01  3.0528e-01  5.7250e-01  4.6717e-01  3.6147e-01  2.6048e-01  1.6767e-01  8.4712e-02  1.1895e-02  -5.1532e-02  -1.0680e-01  -1.5537e-01
9.0000e-01  2.8322e-01  6.4820e-01  5.3733e-01  4.2295e-01  3.1111e-01  2.0623e-01  1.1072e-01  2.5353e-02  -5.0357e-02  -1.1756e-01  -1.7780e-01
1.0000e+00  2.9267e-01  7.2995e-01  6.2315e-01  5.0883e-01  3.9372e-01  2.8309e-01  1.8014e-01  8.6250e-02  1.3739e-03  -7.5389e-02  -1.4554e-01
1.1000e+00  3.4414e-01  8.1125e-01  7.1995e-01  6.1660e-01  5.0812e-01  4.0038e-01  2.9733e-01  2.0106e-01  1.1212e-01  3.0006e-02  -4.6550e-02
1.2000e+00  4.3716e-01  8.8064e-01  8.1574e-01  7.3429e-01  6.4286e-01  5.4755e-01  4.5287e-01  3.6165e-01  2.7510e-01  1.9328e-01  1.1528e-01
1.3000e+00  5.5559e-01  9.2294e-01  8.9197e-01  8.4074e-01  7.7490e-01  7.0033e-01  6.2187e-01  5.4293e-01  4.6538e-01  3.8991e-01  3.1609e-01
1.4000e+00  6.7288e-01  9.2692e-01  9.3182e-01  9.1414e-01  8.7819e-01  8.2924e-01  7.7214e-01  7.1067e-01  6.4725e-01  5.8312e-01  5.1835e-01
1.5000e+00  7.6631e-01  8.9390e-01  9.3113e-01  9.4496e-01  9.3823e-01  9.1536e-01  8.8093e-01  8.3882e-01  7.9183e-01  7.4164e-01  6.8878e-01
1.6000e+00  8.2763e-01  8.3650e-01  8.9948e-01  9.3943e-01  9.5780e-01  9.5806e-01  9.4437e-01  9.2055e-01  8.8958e-01  8.5344e-01  8.1302e-01
1.7000e+00  8.6097e-01  7.6950e-01  8.5138e-01  9.1128e-01  9.4944e-01  9.6849e-01  9.7209e-01  9.6389e-01  9.4693e-01  9.2335e-01  8.9432e-01
1.8000e+00  8.7460e-01  7.0277e-01  7.9800e-01  8.7255e-01  9.2574e-01  9.5941e-01  9.7677e-01  9.8125e-01  9.7586e-01  9.6286e-01  9.4357e-01
1.9000e+00  8.7604e-01  6.4128e-01  7.4581e-01  8.3101e-01  8.9545e-01  9.4033e-01  9.6844e-01  9.8300e-01  9.8695e-01  9.8259e-01  9.7138e-01
2.0000e+00  8.7059e-01  5.8677e-01  6.9779e-01  7.9076e-01  8.6364e-01  9.1712e-01  9.5363e-01  9.7617e-01  9.8760e-01  9.9025e-01  9.8565e-01
2.1000e+00  8.6157e-01  5.3926e-01  6.5486e-01  7.5358e-01  8.3288e-01  8.9303e-01  9.3615e-01  9.6504e-01  9.8250e-01  9.9083e-01  9.9164e-01
2.2000e+00  8.5085e-01  4.9797e-01  6.1688e-01  7.1992e-01  8.0419e-01  8.6960e-01  9.1800e-01  9.5202e-01  9.7439e-01  9.8739e-01  9.9268e-01
2.3000e+00  8.3961e-01  4.6214e-01  5.8347e-01  6.8983e-01  7.7802e-01  8.4763e-01  9.0030e-01  9.3851e-01  9.6492e-01  9.8178e-01  9.9079e-01
2.4000e+00  8.2844e-01  4.3092e-01  5.5405e-01  6.6301e-01  7.5433e-01  8.2736e-01  8.8354e-01  9.2522e-01  9.5498e-01  9.7509e-01  9.8723e-01
2.5000e+00  8.1765e-01  4.0359e-01  5.2808e-01  6.3910e-01  7.3296e-01  8.0881e-01  8.6791e-01  9.1250e-01  9.4510e-01  9.6795e-01  9.8276e-01
2.6000e+00  8.0742e-01  3.7950e-01  5.0505e-01  6.1773e-01  7.1370e-01  7.9190e-01  8.5347e-01  9.0052e-01  9.3554e-01  9.6073e-01  9.7783e-01
2.7000e+00  7.9779e-01  3.5817e-01  4.8453e-01  5.9858e-01  6.9630e-01  7.7650e-01  8.4016e-01  8.8933e-01  9.2643e-01  9.5365e-01  9.7273e-01
2.8000e+00  7.8879e-01  3.3916e-01  4.6616e-01  5.8134e-01  6.8056e-01  7.6246e-01  8.2793e-01  8.7892e-01  9.1783e-01  9.4681e-01  9.6763e-01
2.9000e+00  7.8039e-01  3.2212e-01  4.4964e-01  5.6577e-01  6.6626e-01  7.4963e-01  8.1667e-01  8.6926e-01  9.0975e-01  9.4029e-01  9.6263e-01
3.0000e+00  7.7256e-01  3.0679e-01  4.3471e-01  5.5165e-01  6.5323e-01  7.3788e-01  8.0630e-01  8.6030e-01  9.0218e-01  9.3409e-01  9.5779e-01
3.1000e+00  7.6525e-01  2.9290e-01  4.2116e-01  5.3879e-01  6.4132e-01  7.2710e-01  7.9673e-01  8.5197e-01  8.9509e-01  9.2823e-01  9.5314e-01
3.2000e+00  7.5844e-01  2.8028e-01  4.0881e-01  5.2703e-01  6.3040e-01  7.1717e-01  7.8788e-01  8.4424e-01  8.8847e-01  9.2269e-01  9.4869e-01
3.3000e+00  7.5208e-01  2.6876e-01  3.9751e-01  5.1624e-01  6.2035e-01  7.0801e-01  7.7968e-01  8.3703e-01  8.8226e-01  9.1747e-01  9.4444e-01
3.4000e+00  7.4613e-01  2.5820e-01  3.8713e-01  5.0631e-01  6.1107e-01  6.9952e-01  7.7206e-01  8.3031e-01  8.7644e-01  9.1255e-01  9.4040e-01
3.5000e+00  7.4055e-01  2.4849e-01  3.7756e-01  4.9714e-01  6.0249e-01  6.9165e-01  7.6497e-01  8.2403e-01  8.7098e-01  9.0790e-01  9.3656e-01
3.6000e+00  7.3532e-01  2.3953e-01  3.6872e-01  4.8864e-01  5.9452e-01  6.8432e-01  7.5836e-01  8.1815e-01  8.6585e-01  9.0351e-01  9.3291e-01
3.7000e+00  7.3041e-01  2.3123e-01  3.6052e-01  4.8075e-01  5.8710e-01  6.7749e-01  7.5217e-01  8.1264e-01  8.6102e-01  8.9936e-01  9.2944e-01
3.8000e+00  7.2579e-01  2.2353e-01  3.5290e-01  4.7340e-01  5.8018e-01  6.7110e-01  7.4637e-01  8.0747e-01  8.5647e-01  8.9543e-01  9.2614e-01
3.9000e+00  7.2143e-01  2.1636e-01  3.4579e-01  4.6654e-01  5.7371e-01  6.6512e-01  7.4093e-01  8.0259e-01  8.5217e-01  8.9172e-01  9.2300e-01
4.0000e+00  7.1731e-01  2.0967e-01  3.3915e-01  4.6012e-01  5.6764e-01  6.5950e-01  7.3581e-01  7.9800e-01  8.4811e-01  8.8819e-01  9.2001e-01
4.1000e+00  7.1342e-01  2.0341e-01  3.3292e-01  4.5410e-01  5.6194e-01  6.5421e-01  7.3099e-01  7.9366e-01  8.4427e-01  8.8485e-01  9.1716e-01
4.2000e+00  7.0974e-01  1.9754e-01  3.2709e-01  4.4844e-01  5.5658e-01  6.4923e-01  7.2644e-01  7.8956e-01  8.4063e-01  8.8167e-01  9.1444e-01
4.3000e+00  7.0625e-01  1.9202e-01  3.2159e-01  4.4311e-01  5.5153e-01  6.4453e-01  7.2213e-01  7.8568e-01  8.3717e-01  8.7864e-01  9.1184e-01
4.4000e+00  7.0293e-01  1.8683e-01  3.1642e-01  4.3808e-01  5.4676e-01  6.4008e-01  7.1805e-01  7.8199e-01  8.3389e-01  8.7576e-01  9.0937e-01
4.5000e+00  6.9978e-01  1.8194e-01  3.1154e-01  4.3333e-01  5.4224e-01  6.3587e-01  7.1419e-01  7.7849e-01  8.3077e-01  8.7301e-01  9.0700e-01
4.6000e+00  6.9678e-01  1.7731e-01  3.0692e-01  4.2884e-01  5.3796e-01  6.3187e-01  7.1052e-01  7.7517e-01  8.2779e-01  8.7039e-01  9.0473e-01
4.7000e+00  6.9392e-01  1.7294e-01  3.0254e-01  4.2458e-01  5.3391e-01  6.2808e-01  7.0703e-01  7.7200e-01  8.2495e-01  8.6788e-01  9.0256e-01
4.8000e+00  6.9119e-01  1.6879e-01  2.9840e-01  4.2053e-01  5.3005e-01  6.2447e-01  7.0370e-01  7.6898e-01  8.2224e-01  8.6549e-01  9.0048e-01
4.9000e+00  6.8859e-01  1.6486e-01  2.9446e-01  4.1669e-01  5.2638e-01  6.2104e-01  7.0053e-01  7.6609e-01  8.1965e-01  8.6319e-01  8.9848e-01
5.0000e+00  6.8609e-01  1.6112e-01  2.9071e-01  4.1303e-01  5.2289e-01  6.1776e-01  6.9751e-01  7.6334e-01  8.1717e-01  8.6099e-01  8.9656e-01
5.1000e+00  6.8371e-01  1.5756e-01  2.8714e-01  4.0954e-01  5.1955e-01  6.1463e-01  6.9462e-01  7.6070e-01  8.1480e-01  8.5889e-01  8.9472e-01
5.2000e+00  6.8142e-01  1.5417e-01  2.8374e-01  4.0622e-01  5.1637e-01  6.1164e-01  6.9185e-01  7.5818e-01  8.1253e-01  8.5686e-01  8.9295e-01
5.3000e+00  6.7923e-01  1.5093e-01  2.8049e-01  4.0304e-01  5.1333e-01  6.0878e-01  6.8921e-01  7.5576e-01  8.1034e-01  8.5492e-01  8.9125e-01
5.4000e+00  6.7713e-01  1.4784e-01  2.7739e-01  4.0000e-01  5.1042e-01  6.0604e-01  6.8667e-01  7.5344e-01  8.0825e-01  8.5305e-01  8.8961e-01
5.5000e+00  6.7511e-01  1.4489e-01  2.7442e-01  3.9709e-01  5.0763e-01  6.0342e-01  6.8423e-01  7.5121e-01  8.0623e-01  8.5125e-01  8.8803e-01
5.6000e+00  6.7317e-01  1.4206e-01  2.7157e-01  3.9430e-01  5.0495e-01  6.0090e-01  6.8190e-01  7.4907e-01  8.0429e-01  8.4952e-01  8.8650e-01
5.7000e+00  6.7130e-01  1.3935e-01  2.6885e-01  3.9163e-01  5.0238e-01  5.9848e-01  6.7965e-01  7.4701e-01  8.0243e-01  8.4785e-01  8.8503e-01
5.8000e+00  6.6950e-01  1.3676e-01  2.6623e-01  3.8906e-01  4.9992e-01  5.9615e-01  6.7749e-01  7.4503e-01  8.0063e-01  8.4624e-01  8.8361e-01
5.9000e+00  6.6777e-01  1.3426e-01  2.6372e-01  3.8659e-01  4.9755e-01  5.9392e-01  6.7541e-01  7.4312e-01  7.9890e-01  8.4469e-01  8.8224e-01
6.0000e+00  6.6610e-01  1.3187e-01  2.6131e-01  3.8422e-01  4.9527e-01  5.9176e-01  6.7341e-01  7.4128e-01  7.9723e-01  8.4318e-01  8.8091e-01
