7.0000e-01  5.3306e-01  5.1672e-01  4.4773e-01  3.8019e-01  3.1475e-01  2.5198e-01  1.9228e-01  1.3562e-01  8.1832e-02  3.0106e-02  -2.1531e-02
8.0000e-01  5.2481e-01  6.3573e-01  5.6015e-01  4.8295e-01  4.0529e-01  3.2820e-01  2.5251e-01  1.7847e-01  1.0602e-01  3.4153e-02  -3.9963e-02
9.0000e-01  5.1469e-01  7.4803e-01  6.7337e-01  5.9353e-01  5.1011e-01  4.2455e-01  3.3809e-01  2.5124e-01  1.6412e-01  7.5534e-02  -1.8123e-02
1.0000e+00  5.1612e-01  8.3237e-01  7.6691e-01  6.9305e-01  6.1261e-01  5.2727e-01  4.3854e-01  3.4717e-01  2.5339e-01  1.5596e-01  5.0724e-02
1.1000e+00  5.3626e-01  8.8960e-01  8.3904e-01  7.7754e-01  7.0693e-01  6.2897e-01  5.4527e-01  4.5676e-01  3.6373e-01  2.6496e-01  1.5603e-01
1.2000e+00  5.7447e-01  9.2519e-01  8.9223e-01  8.4656e-01  7.8987e-01  7.2384e-01  6.5007e-01  5.6955e-01  4.8265e-01  3.8819e-01  2.8168e-01
1.3000e+00  6.2413e-01  9.4346e-01  9.2860e-01  8.9998e-01  8.5902e-01  8.0724e-01  7.4611e-01  6.7665e-01  5.9924e-01  5.1279e-01  4.1287e-01
1.4000e+00  6.7672e-01  9.4628e-01  9.4873e-01  9.3695e-01  9.1206e-01  8.7532e-01  8.2805e-01  7.7120e-01  7.0517e-01  6.2895e-01  5.3829e-01
1.5000e+00  7.2511e-01  9.3495e-01  9.5314e-01  9.5710e-01  9.4762e-01  9.2568e-01  8.9240e-01  8.4866e-01  7.9481e-01  7.2997e-01  6.5011e-01
1.6000e+00  7.6472e-01  9.1145e-01  9.4339e-01  9.6147e-01  9.6613e-01  9.5807e-01  9.3819e-01  9.0726e-01  8.6561e-01  8.1246e-01  7.4406e-01
1.7000e+00  7.9365e-01  8.7846e-01  9.2209e-01  9.5247e-01  9.6969e-01  9.7420e-01  9.6668e-01  9.4779e-01  9.1782e-01  8.7607e-01  8.1913e-01
1.8000e+00  8.1242e-01  8.3947e-01  8.9277e-01  9.3355e-01  9.6162e-01  9.7718e-01  9.8070e-01  9.7272e-01  9.5350e-01  9.2243e-01  8.7642e-01
1.9000e+00  8.2251e-01  7.9740e-01  8.5857e-01  9.0802e-01  9.4531e-01  9.7041e-01  9.8359e-01  9.8530e-01  9.7574e-01  9.5442e-01  9.1852e-01
2.0000e+00  8.2581e-01  7.5455e-01  8.2207e-01  8.7869e-01  9.2374e-01  9.5698e-01  9.7852e-01  9.8870e-01  9.8772e-01  9.7512e-01  9.4840e-01
2.1000e+00  8.2428e-01  7.1276e-01  7.8537e-01  8.4786e-01  8.9937e-01  9.3949e-01  9.6819e-01  9.8571e-01  9.9221e-01  9.8731e-01  9.6879e-01
2.2000e+00  8.1932e-01  6.7282e-01  7.4952e-01  8.1684e-01  8.7376e-01  9.1972e-01  9.5455e-01  9.7842e-01  9.9145e-01  9.9334e-01  9.8211e-01
2.3000e+00  8.1217e-01  6.3538e-01  7.1536e-01  7.8666e-01  8.4811e-01  8.9901e-01  9.3908e-01  9.6843e-01  9.8715e-01  9.9499e-01  9.9021e-01
2.4000e+00  8.0365e-01  6.0056e-01  6.8321e-01  7.5781e-01  8.2305e-01  8.7816e-01  9.2274e-01  9.5684e-01  9.8052e-01  9.9359e-01  9.9451e-01
2.5000e+00  7.9439e-01  5.6844e-01  6.5325e-01  7.3058e-01  7.9905e-01  8.5775e-01  9.0621e-01  9.4443e-01  9.7245e-01  9.9012e-01  9.9609e-01
2.6000e+00  7.8476e-01  5.3884e-01  6.2541e-01  7.0505e-01  7.7625e-01  8.3805e-01  8.8988e-01  9.3170e-01  9.6353e-01  9.8527e-01  9.9573e-01
2.7000e+00  7.7508e-01  5.1163e-01  5.9966e-01  6.8123e-01  7.5478e-01  8.1925e-01  8.7402e-01  9.1900e-01  9.5419e-01  9.7953e-01  9.9400e-01
2.8000e+00  7.6550e-01  4.8657e-01  5.7581e-01  6.5904e-01  7.3460e-01  8.0140e-01  8.5875e-01  9.0652e-01  9.4469e-01  9.7325e-01  9.9130e-01
2.9000e+00  7.5616e-01  4.6351e-01  5.5376e-01  6.3839e-01  7.1571e-01  7.8455e-01  8.4417e-01  8.9441e-01  9.3523e-01  9.6666e-01  9.8794e-01
3.0000e+00  7.4710e-01  4.4222e-01  5.3331e-01  6.1916e-01  6.9801e-01  7.6865e-01  8.3029e-01  8.8273e-01  9.2593e-01  9.5995e-01  9.8413e-01
3.1000e+00  7.3837e-01  4.2255e-01  5.1435e-01  6.0125e-01  6.8145e-01  7.5368e-01  8.1711e-01  8.7152e-01  9.1686e-01  9.5321e-01  9.8003e-01
3.2000e+00  7.3000e-01  4.0433e-01  4.9673e-01  5.8454e-01  6.6593e-01  7.3957e-01  8.0461e-01  8.6080e-01  9.0808e-01  9.4654e-01  9.7576e-01
3.3000e+00  7.2198e-01  3.8741e-01  4.8032e-01  5.6893e-01  6.5137e-01  7.2628e-01  7.9277e-01  8.5056e-01  8.9959e-01  9.3998e-01  9.7140e-01
3.4000e+00  7.1431e-01  3.7166e-01  4.6501e-01  5.5433e-01  6.3770e-01  7.1375e-01  7.8155e-01  8.4079e-01  8.9142e-01  9.3358e-01  9.6700e-01
3.5000e+00  7.0698e-01  3.5697e-01  4.5069e-01  5.4063e-01  6.2484e-01  7.0192e-01  7.7091e-01  8.3148e-01  8.8357e-01  9.2734e-01  9.6261e-01
3.6000e+00  6.9998e-01  3.4324e-01  4.3728e-01  5.2777e-01  6.1274e-01  6.9075e-01  7.6082e-01  8.2261e-01  8.7604e-01  9.2129e-01  9.5827e-01
3.7000e+00  6.9329e-01  3.3037e-01  4.2469e-01  5.1567e-01  6.0132e-01  6.8018e-01  7.5124e-01  8.1414e-01  8.6881e-01  9.1543e-01  9.5399e-01
3.8000e+00  6.8690e-01  3.1829e-01  4.1284e-01  5.0426e-01  5.9053e-01  6.7017e-01  7.4213e-01  8.0606e-01  8.6187e-01  9.0976e-01  9.4978e-01
3.9000e+00  6.8079e-01  3.0693e-01  4.0169e-01  4.9350e-01  5.8033e-01  6.6067e-01  7.3347e-01  7.9835e-01  8.5521e-01  9.0429e-01  9.4567e-01
4.0000e+00  6.7495e-01  2.9622e-01  3.9115e-01  4.8332e-01  5.7066e-01  6.5165e-01  7.2522e-01  7.9098e-01  8.4882e-01  8.9900e-01  9.4165e-01
4.1000e+00  6.6935e-01  2.8611e-01  3.8119e-01  4.7368e-01  5.6148e-01  6.4308e-01  7.1736e-01  7.8393e-01  8.4269e-01  8.9389e-01  9.3774e-01
4.2000e+00  6.6399e-01  2.7655e-01  3.7176e-01  4.6453e-01  5.5277e-01  6.3491e-01  7.0986e-01  7.7719e-01  8.3680e-01  8.8896e-01  9.3392e-01
4.3000e+00  6.5886e-01  2.6749e-01  3.6281e-01  4.5584e-01  5.4447e-01  6.2713e-01  7.0269e-01  7.7073e-01  8.3114e-01  8.8419e-01  9.3021e-01
4.4000e+00  6.5393e-01  2.5889e-01  3.5430e-01  4.4757e-01  5.3657e-01  6.1970e-01  6.9584e-01  7.6454e-01  8.2569e-01  8.7960e-01  9.2659e-01
4.5000e+00  6.4919e-01  2.5072e-01  3.4621e-01  4.3970e-01  5.2903e-01  6.1260e-01  6.8928e-01  7.5860e-01  8.2046e-01  8.7515e-01  9.2308e-01
4.6000e+00  6.4465e-01  2.4295e-01  3.3851e-01  4.3218e-01  5.2182e-01  6.0581e-01  6.8299e-01  7.5289e-01  8.1541e-01  8.7086e-01  9.1967e-01
4.7000e+00  6.4028e-01  2.3554e-01  3.3115e-01  4.2501e-01  5.1494e-01  5.9931e-01  6.7696e-01  7.4741e-01  8.1056e-01  8.6671e-01  9.1635e-01
4.8000e+00  6.3607e-01  2.2847e-01  3.2413e-01  4.1815e-01  5.0834e-01  5.9308e-01  6.7117e-01  7.4214e-01  8.0587e-01  8.6270e-01  9.1312e-01
4.9000e+00  6.3201e-01  2.2171e-01  3.1741e-01  4.1158e-01  5.0203e-01  5.8710e-01  6.6560e-01  7.3706e-01  8.0135e-01  8.5881e-01  9.0999e-01
5.0000e+00  6.2811e-01  2.1525e-01  3.1098e-01  4.0529e-01  4.9597e-01  5.8136e-01  6.6025e-01  7.3217e-01  7.9699e-01  8.5505e-01  9.0694e-01
5.1000e+00  6.2434e-01  2.0907e-01  3.0482e-01  3.9925e-01  4.9014e-01  5.7583e-01  6.5510e-01  7.2746e-01  7.9278e-01  8.5141e-01  9.0398e-01
5.2000e+00  6.2070e-01  2.0314e-01  2.9891e-01  3.9345e-01  4.8455e-01  5.7052e-01  6.5014e-01  7.2291e-01  7.8871e-01  8.4788e-01  9.0109e-01
5.3000e+00  6.1719e-01  1.9745e-01  2.9323e-01  3.8788e-01  4.7917e-01  5.6540e-01  6.4536e-01  7.1852e-01  7.8477e-01  8.4446e-01  8.9829e-01
5.4000e+00  6.1380e-01  1.9198e-01  2.8777e-01  3.8252e-01  4.7398e-01  5.6047e-01  6.4074e-01  7.1428e-01  7.8095e-01  8.4115e-01  8.9556e-01
5.5000e+00  6.1051e-01  1.8672e-01  2.8252e-01  3.7736e-01  4.6899e-01  5.5571e-01  6.3628e-01  7.1018e-01  7.7726e-01  8.3793e-01  8.9291e-01
5.6000e+00  6.0734e-01  1.8167e-01  2.7747e-01  3.7239e-01  4.6417e-01  5.5112e-01  6.3197e-01  7.0621e-01  7.7369e-01  8.3481e-01  8.9032e-01
5.7000e+00  6.0426e-01  1.7680e-01  2.7259e-01  3.6759e-01  4.5952e-01  5.4668e-01  6.2781e-01  7.0236e-01  7.7022e-01  8.3177e-01  8.8780e-01
5.8000e+00  6.0128e-01  1.7210e-01  2.6789e-01  3.6296e-01  4.5503e-01  5.4240e-01  6.2378e-01  6.9864e-01  7.6686e-01  8.2882e-01  8.8535e-01
5.9000e+00  5.9839e-01  1.6757e-01  2.6336e-01  3.5849e-01  4.5069e-01  5.3825e-01  6.1987e-01  6.9504e-01  7.6359e-01  8.2596e-01  8.8296e-01
6.0000e+00  5.9558e-01  1.6320e-01  2.5897e-01  3.5416e-01  4.4649e-01  5.3423e-01  6.1609e-01  6.9154e-01  7.6043e-01  8.2317e-01  8.8063e-01
