7.0000e-01  3.3971e-01  5.1279e-01  4.1792e-01  3.2470e-01  2.3723e-01  1.5814e-01  8.8553e-02  2.8426e-02  -2.3094e-02  -6.7201e-02  -1.0521e-01
8.0000e-01  3.0373e-01  5.7889e-01  4.7292e-01  3.6635e-01  2.6434e-01  1.7043e-01  8.6365e-02  1.2458e-02  -5.2021e-02  -1.0830e-01  -1.5785e-01
9.0000e-01  2.8562e-01  6.5673e-01  5.4606e-01  4.3153e-01  3.1925e-01  2.1372e-01  1.1743e-01  3.1206e-02  -4.5407e-02  -1.1353e-01  -1.7473e-01
1.0000e+00  3.0240e-01  7.4120e-01  6.3588e-01  5.2259e-01  4.0806e-01  2.9764e-01  1.9459e-01  1.0039e-01  1.5033e-02  -6.2334e-02  -1.3319e-01
1.1000e+00  3.6435e-01  8.2543e-01  7.3715e-01  6.3629e-01  5.2973e-01  4.2337e-01  3.2121e-01  2.2546e-01  1.3672e-01  5.4578e-02  -2.2205e-02
1.2000e+00  4.6868e-01  8.9668e-01  8.3627e-01  7.5880e-01  6.7070e-01  5.7806e-01  4.8544e-01  3.9575e-01  3.1029e-01  2.2922e-01  1.5169e-01
1.3000e+00  5.9546e-01  9.3779e-01  9.1234e-01  8.6625e-01  8.0496e-01  7.3426e-01  6.5899e-01  5.8264e-01  5.0717e-01  4.3335e-01  3.6084e-01
1.4000e+00  7.1492e-01  9.3683e-01  9.4748e-01  9.3543e-01  9.0470e-01  8.6040e-01  8.0734e-01  7.4931e-01  6.8882e-01  6.2717e-01  5.6453e-01
1.5000e+00  8.0447e-01  8.9707e-01  9.3943e-01  9.5857e-01  9.5698e-01  9.3890e-01  9.0878e-01  8.7051e-01  8.2691e-01  7.7973e-01  7.2955e-01
1.6000e+00  8.5878e-01  8.3370e-01  9.0070e-01  9.4508e-01  9.6796e-01  9.7260e-01  9.6300e-01  9.4295e-01  9.1542e-01  8.8241e-01  8.4488e-01
1.7000e+00  8.8470e-01  7.6244e-01  8.4721e-01  9.1054e-01  9.5241e-01  9.7521e-01  9.8244e-01  9.7768e-01  9.6394e-01  9.4337e-01  9.1718e-01
1.8000e+00  8.9199e-01  6.9325e-01  7.9038e-01  8.6747e-01  9.2358e-01  9.6033e-01  9.8079e-01  9.8828e-01  9.8578e-01  9.7552e-01  9.5887e-01
1.9000e+00  8.8848e-01  6.3058e-01  7.3626e-01  8.2327e-01  8.8996e-01  9.3734e-01  9.6805e-01  9.8519e-01  9.9167e-01  9.8976e-01  9.8093e-01
2.0000e+00  8.7931e-01  5.7565e-01  6.8727e-01  7.8150e-01  8.5611e-01  9.1162e-01  9.5030e-01  9.7504e-01  9.8868e-01  9.9349e-01  9.9102e-01
2.1000e+00  8.6752e-01  5.2813e-01  6.4396e-01  7.4353e-01  8.2416e-01  8.8596e-01  9.3090e-01  9.6170e-01  9.8108e-01  9.9133e-01  9.9405e-01
2.2000e+00  8.5480e-01  4.8717e-01  6.0603e-01  7.0962e-01  7.9492e-01  8.6167e-01  9.1160e-01  9.4726e-01  9.7131e-01  9.8601e-01  9.9299e-01
2.3000e+00  8.4208e-01  4.5180e-01  5.7289e-01  6.7958e-01  7.6855e-01  8.3926e-01  8.9323e-01  9.3286e-01  9.6074e-01  9.7911e-01  9.8963e-01
2.4000e+00  8.2983e-01  4.2115e-01  5.4390e-01  6.5301e-01  7.4492e-01  8.1885e-01  8.7613e-01  9.1904e-01  9.5011e-01  9.7154e-01  9.8504e-01
2.5000e+00  8.1827e-01  3.9441e-01  5.1844e-01  6.2948e-01  7.2378e-01  8.0036e-01  8.6040e-01  9.0606e-01  9.3980e-01  9.6383e-01  9.7985e-01
2.6000e+00  8.0749e-01  3.7097e-01  4.9598e-01  6.0858e-01  7.0485e-01  7.8365e-01  8.4601e-01  8.9399e-01  9.3001e-01  9.5625e-01  9.7443e-01
2.7000e+00  7.9749e-01  3.5030e-01  4.7606e-01  5.8995e-01  6.8787e-01  7.6854e-01  8.3287e-01  8.8284e-01  9.2082e-01  9.4897e-01  9.6901e-01
2.8000e+00  7.8824e-01  3.3195e-01  4.5832e-01  5.7326e-01  6.7258e-01  7.5485e-01  8.2088e-01  8.7257e-01  9.1224e-01  9.4204e-01  9.6371e-01
2.9000e+00  7.7970e-01  3.1558e-01  4.4243e-01  5.5827e-01  6.5877e-01  7.4242e-01  8.0992e-01  8.6310e-01  9.0425e-01  9.3551e-01  9.5860e-01
3.0000e+00  7.7181e-01  3.0090e-01  4.2814e-01  5.4473e-01  6.4626e-01  7.3111e-01  7.9989e-01  8.5438e-01  8.9683e-01  9.2937e-01  9.5372e-01
3.1000e+00  7.6451e-01  2.8768e-01  4.1523e-01  5.3246e-01  6.3488e-01  7.2077e-01  7.9069e-01  8.4634e-01  8.8994e-01  9.2361e-01  9.4909e-01
3.2000e+00  7.5775e-01  2.7571e-01  4.0352e-01  5.2130e-01  6.2450e-01  7.1131e-01  7.8223e-01  8.3890e-01  8.8354e-01  9.1822e-01  9.4470e-01
3.3000e+00  7.5149e-01  2.6483e-01  3.9285e-01  5.1111e-01  6.1499e-01  7.0263e-01  7.7443e-01  8.3202e-01  8.7758e-01  9.1317e-01  9.4054e-01
3.4000e+00  7.4567e-01  2.5491e-01  3.8310e-01  5.0178e-01  6.0626e-01  6.9463e-01  7.6723e-01  8.2565e-01  8.7203e-01  9.0844e-01  9.3663e-01
3.5000e+00  7.4026e-01  2.4583e-01  3.7416e-01  4.9320e-01  5.9823e-01  6.8724e-01  7.6056e-01  8.1972e-01  8.6685e-01  9.0400e-01  9.3293e-01
3.6000e+00  7.3522e-01  2.3750e-01  3.6593e-01  4.8530e-01  5.9080e-01  6.8041e-01  7.5438e-01  8.1421e-01  8.6201e-01  8.9984e-01  9.2943e-01
3.7000e+00  7.3052e-01  2.2982e-01  3.5835e-01  4.7799e-01  5.8393e-01  6.7407e-01  7.4862e-01  8.0907e-01  8.5749e-01  8.9593e-01  9.2614e-01
3.8000e+00  7.2612e-01  2.2272e-01  3.5133e-01  4.7123e-01  5.7756e-01  6.6817e-01  7.4326e-01  8.0427e-01  8.5326e-01  8.9226e-01  9.2302e-01
3.9000e+00  7.2200e-01  2.1616e-01  3.4482e-01  4.6494e-01  5.7163e-01  6.6268e-01  7.3826e-01  7.9978e-01  8.4928e-01  8.8880e-01  9.2008e-01
4.0000e+00  7.1814e-01  2.1006e-01  3.3878e-01  4.5910e-01  5.6610e-01  6.5755e-01  7.3358e-01  7.9557e-01  8.4555e-01  8.8554e-01  9.1729e-01
4.1000e+00  7.1451e-01  2.0439e-01  3.3314e-01  4.5364e-01  5.6093e-01  6.5276e-01  7.2919e-01  7.9161e-01  8.4203e-01  8.8247e-01  9.1466e-01
4.2000e+00  7.1109e-01  1.9910e-01  3.2788e-01  4.4855e-01  5.5610e-01  6.4826e-01  7.2508e-01  7.8790e-01  8.3872e-01  8.7956e-01  9.1216e-01
4.3000e+00  7.0787e-01  1.9415e-01  3.2296e-01  4.4377e-01  5.5157e-01  6.4404e-01  7.2121e-01  7.8440e-01  8.3560e-01  8.7682e-01  9.0979e-01
4.4000e+00  7.0484e-01  1.8953e-01  3.1835e-01  4.3929e-01  5.4732e-01  6.4007e-01  7.1756e-01  7.8110e-01  8.3265e-01  8.7422e-01  9.0754e-01
4.5000e+00  7.0197e-01  1.8519e-01  3.1403e-01  4.3509e-01  5.4332e-01  6.3634e-01  7.1413e-01  7.7798e-01  8.2986e-01  8.7176e-01  9.0541e-01
4.6000e+00  6.9926e-01  1.8111e-01  3.0996e-01  4.3113e-01  5.3955e-01  6.3281e-01  7.1089e-01  7.7504e-01  8.2722e-01  8.6942e-01  9.0337e-01
4.7000e+00  6.9669e-01  1.7727e-01  3.0613e-01  4.2740e-01  5.3599e-01  6.2949e-01  7.0782e-01  7.7225e-01  8.2471e-01  8.6720e-01  9.0144e-01
4.8000e+00  6.9425e-01  1.7366e-01  3.0251e-01  4.2387e-01  5.3263e-01  6.2634e-01  7.0492e-01  7.6960e-01  8.2234e-01  8.6509e-01  8.9960e-01
4.9000e+00  6.9194e-01  1.7025e-01  2.9910e-01  4.2054e-01  5.2945e-01  6.2336e-01  7.0216e-01  7.6710e-01  8.2008e-01  8.6308e-01  8.9784e-01
5.0000e+00  6.8975e-01  1.6703e-01  2.9587e-01  4.1739e-01  5.2644e-01  6.2053e-01  6.9955e-01  7.6471e-01  8.1793e-01  8.6117e-01  8.9617e-01
5.1000e+00  6.8766e-01  1.6397e-01  2.9281e-01  4.1441e-01  5.2358e-01  6.1785e-01  6.9707e-01  7.6245e-01  8.1588e-01  8.5935e-01  8.9457e-01
5.2000e+00  6.8567e-01  1.6108e-01  2.8992e-01  4.1157e-01  5.2087e-01  6.1530e-01  6.9471e-01  7.6029e-01  8.1394e-01  8.5761e-01  8.9304e-01
5.3000e+00  6.8377e-01  1.5834e-01  2.8717e-01  4.0888e-01  5.1830e-01  6.1288e-01  6.9247e-01  7.5824e-01  8.1208e-01  8.5595e-01  8.9158e-01
5.4000e+00  6.8197e-01  1.5574e-01  2.8455e-01  4.0632e-01  5.1585e-01  6.1057e-01  6.9033e-01  7.5628e-01  8.1030e-01  8.5436e-01  8.9018e-01
5.5000e+00  6.8024e-01  1.5326e-01  2.8207e-01  4.0389e-01  5.1351e-01  6.0837e-01  6.8829e-01  7.5441e-01  8.0861e-01  8.5284e-01  8.8884e-01
5.6000e+00  6.7859e-01  1.5091e-01  2.7970e-01  4.0156e-01  5.1128e-01  6.0628e-01  6.8634e-01  7.5262e-01  8.0699e-01  8.5139e-01  8.8755e-01
5.7000e+00  6.7701e-01  1.4866e-01  2.7744e-01  3.9935e-01  5.0916e-01  6.0427e-01  6.8448e-01  7.5091e-01  8.0543e-01  8.5000e-01  8.8632e-01
5.8000e+00  6.7550e-01  1.4652e-01  2.7529e-01  3.9724e-01  5.0713e-01  6.0236e-01  6.8270e-01  7.4927e-01  8.0395e-01  8.4866e-01  8.8514e-01
5.9000e+00  6.7405e-01  1.4448e-01  2.7323e-01  3.9522e-01  5.0519e-01  6.0053e-01  6.8099e-01  7.4771e-01  8.0252e-01  8.4738e-01  8.8400e-01
6.0000e+00  6.7267e-01  1.4252e-01  2.7126e-01  3.9329e-01  5.0333e-01  5.9877e-01  6.7936e-01  7.4620e-01  8.0116e-01  8.4615e-01  8.8291e-01
