0.52867767  0.00020837515  7.8627373e-07
0.57685822  0.00023790244  9.3464783e-07
0.62828297  0.00027071213  1.1072859e-06
0.68309354  0.0003070916  1.3071231e-06
0.7414343  0.00034731944  1.5377111e-06
0.80345239  0.00039168613  1.802968e-06
0.86929765  0.00044049405  2.1072051e-06
0.93912264  0.00049405733  2.4551548e-06
1.0130826  0.00055270175  2.8519998e-06
1.0913354  0.00061676475  3.303402e-06
1.1740416  0.00068659529  3.8155335e-06
1.2613644  0.00076255385  4.3951072e-06
1.3534696  0.00084501249  5.0494086e-06
1.4505255  0.00093435491  5.7863271e-06
1.552703  0.0010309766  6.6143887e-06
1.6601757  0.0011352851  7.5427876e-06
1.7731196  0.0012477003  8.581418e-06
1.8917131  0.0013686551  9.7409056e-06
2.0161374  0.0014985958  1.1032638e-05
2.1465759  0.0016379832  1.2468796e-05
2.2832146  0.0017872932  1.4062377e-05
2.426242  0.0019470181  1.5827226e-05
2.5758488  0.0021176685  1.7778057e-05
2.7322283  0.0022997742  1.9930475e-05
2.8955763  0.0024938865  2.2300993e-05
3.0660907  0.0027005808  2.4907043e-05
3.2439719  0.0029204585  2.7766987e-05
3.4294228  0.0031541503  3.0900117e-05
3.6226484  0.0034023194  3.4326652e-05
3.8238562  0.0036656651  3.8067723e-05
4.0332559  0.0039449267  4.2145351e-05
4.2510596  0.0042408883  4.6582416e-05
4.4774816  0.0045543833  5.1402607e-05
4.7127386  0.0048862999  5.6630368e-05
4.9570493  0.0052375868  6.2290818e-05
5.210635  0.0056092593  6.8409657e-05
5.4737189  0.006002406  7.5013057e-05
5.7465268  0.0064181958  8.2127517e-05
6.0292864  0.0068578855  8.9779706e-05
6.3222278  0.0073228276  9.7996271e-05
6.6255831  0.0078144783  0.00010680361
6.9395869  0.0083344065  0.00011622762
7.2644758  0.0088843025  0.0001262934
7.6004886  0.0094659872  0.00013702492
7.9478662  0.010081421  0.00014844461
8.3068519  0.010732714  0.00016057298
8.6776909  0.011422136  0.00017342812
9.0606306  0.012152124  0.00018702514
9.4559208  0.012925293  0.00020137563
9.8638131  0.013744445  0.000216487
10.284562  0.014612581  0.00023236177
10.718422  0.015532901  0.00024899685
11.165653  0.016508823  0.00026638269
11.626515  0.017543981  0.00028450249
12.101269  0.018642237  0.00030333128
12.590182  0.019807685  0.00032283504
13.093518  0.021044654  0.00034296975
13.611548  0.022357715  0.00036368058
14.144542  0.023751678  0.00038490098
14.692773  0.025231599  0.00040655197
15.256517  0.026802772  0.00042854157
15.83605  0.028470734  0.00045076439
16.431653  0.030241255  0.00047310164
17.043605  0.032120334  0.00049542145
17.672192  0.034114193  0.00051757992
18.317699  0.036229268  0.00053942283
18.980414  0.038472194  0.00056078855
19.660626  0.040849799  0.00058151221
20.358627  0.043369084  0.00060143182
21.074713  0.046037212  0.00062039678
21.809177  0.048861492  0.0006382795
22.56232  0.051849359  0.00065499117
23.334441  0.055008362  0.00067050264
24.125842  0.058346144  0.00068487189
24.936828  0.061870427  0.00069827931
25.767705  0.065588996  0.00071107179
26.618781  0.06950969  0.00072381591
27.490367  0.073640388  0.00073735791
28.382776  0.077989001  0.00075288453
29.296321  0.082563476  0.00077197275
30.231319  0.087371791  0.00079660945
31.188088  0.092421969  0.00082915848
32.166949  0.097722092  0.00087225791
33.168224  0.10328032  0.00092865078
34.192237  0.10910495  0.0010009827
35.239315  0.1152044  0.0010916223
36.309785  0.12158735  0.0012025541
37.403977  0.12826272  0.0013353629
38.522224  0.13523984  0.0014912888
39.664859  0.14252846  0.0016713159
40.832219  0.15013893  0.0018762601
42.024641  0.15808231  0.0021068379
43.242465  0.1663705  0.0023637107
44.486034  0.17501642  0.0026475073
45.75569  0.18403422  0.0029588311
47.051781  0.19343945  0.0032982573
48.374653  0.20324931  0.0036663238
49.724659  0.21348291  0.0040635193
51.10215  0.22416152  0.0044902703
52.50748  0.2353089  0.0049469284
53.941008  0.24695159  0.0054337574
55.403093  0.2591193  0.0059509229
56.894097  0.27184523  0.0064984819
58.414384  0.2851665  0.0070763752
59.964323  0.29912455  0.0076844208
61.544284  0.3137656  0.0083223096
63.15464  0.32914111  0.0089896029
64.795768  0.34530828  0.0096857325
66.468048  0.36233054  0.010410003
68.171862  0.38027812  0.011161595
69.907599  0.3992286  0.011939576
71.675648  0.41926746  0.012742906
73.476405  0.44048876  0.013570455
75.310269  0.46299569  0.014421014
77.177644  0.48690125  0.015293319
79.078938  0.51232894  0.016186069
81.014564  0.53941339  0.017097953
82.984942  0.56830112  0.018027678
84.990495  0.59915123  0.018974
87.031655  0.63213617  0.019935755
89.108858  0.66744248  0.020911901
91.222547  0.7052716  0.02190155
93.373172  0.74584065  0.022904012
95.56119  0.78938328  0.023918838
97.787067  0.83615049  0.024945857
100.05128  0.88641153  0.025985226
102.3543  0.94045478  0.027037468
104.69663  0.99858869  0.028103515
107.07876  1.0611419  0.029182548
109.50121  1.1281773  0.030051951
111.96447  1.199265  0.030889659
114.46906  1.2751884  0.031826893
117.0155  1.3565666  0.03280634
119.60435  1.4439233  0.033821143
122.23615  1.5377734  0.034872192
124.91148  1.6386429  0.035963352
127.63092  1.7470766  0.037100228
130.39508  1.8636434  0.038289747
133.20457  1.9889392  0.039540017
136.06001  2.12359  0.040860322
138.96206  2.2682536  0.042261184
141.91138  2.423378  0.043755176
144.90865  2.5904252  0.045353697
147.95456  2.7694294  0.047074044
151.04984  2.9614429  0.048932905
154.19523  3.1673167  0.05095016
157.39148  3.3879465  0.053148668
160.63938  3.6242752  0.055554817
163.93972  3.877295  0.058199148
167.29335  4.1480495  0.061117059
170.70111  4.4376355  0.064349553
174.16388  4.7472053  0.067944036
177.68257  5.0779682  0.071955109
181.2581  5.4311925  0.076445335
184.89145  5.8082062  0.081485945
188.58361  6.2103989  0.087157427
192.3356  6.6392217  0.093549988
196.14847  7.0961882  0.10076384
200.02332  7.5828737  0.10890934
203.96127  8.1009148  0.1181069
207.96348  8.6520081  0.12848681
212.03114  9.2379082  0.14018886
216.1655  9.8604247  0.15336187
220.36781  10.521419  0.16816313
224.63939  11.222801  0.18475766
228.98158  11.966522  0.20331751
233.39578  12.754571  0.22402088
237.8834  13.588968  0.24705112
242.44592  14.471756  0.27259569
247.08484  15.404995  0.30084495
251.8017  16.390751  0.33199087
256.59809  17.431091  0.36622563
261.47564  18.528072  0.40374012
266.43601  19.683732  0.44472247
271.48089  20.900083  0.48935646
276.61203  22.179101  0.53782004
281.8312  23.522718  0.59028388
287.14019  24.932813  0.64691002
292.54087  26.411207  0.70785071
298.0351  27.959657  0.77324732
303.62478  29.579847  0.84322962
309.31185  31.273388  0.91791512
315.09827  33.04181  0.99740871
320.98604  34.886564  1.0818026
326.97717  36.809018  1.1711762
333.0737  38.810454  1.2655968
339.27769  40.892075  1.3651195
345.59124  43.054999  1.4697884
352.01645  45.300269  1.5796369
358.55544  47.628846  1.6946891
365.21036  50.041621  1.8149602
371.98337  52.539416  1.9404577
378.87665  55.122986  2.0711825
385.89239  57.793026  2.2071297
393.0328  60.550174  2.3482898
400.3001  63.39502  2.4946493
407.69653  66.328105  2.646192
415.22434  69.349929  2.8028992
422.88578  72.460955  2.964751
430.68313  75.661615  3.1317266
438.61867  78.952313  3.3038048
446.6947  82.333427  3.4809648
454.91353  85.805319  3.6631865
463.27746  89.368333  3.8504506
471.78883  93.0228  4.0427393
480.44997  96.769043  4.240036
489.26323  100.60738  4.4423262
498.23097  104.53811  4.6495968
507.35556  108.56156  4.8618368
516.63936  112.67803  5.0790373
526.08479  116.88784  5.301191
535.69422  121.1913  5.5282928
545.47007  125.58875  5.7603396
555.41477  130.0805  5.99733
565.53074  134.6669  6.2392648
575.82042  139.34829  6.4861462
586.28626  144.12504  6.7379783
596.93073  148.99752  6.994767
607.75631  153.9661  7.2565197
618.76547  159.03118  7.5232451
629.96072  164.19317  7.7949537
641.34457  169.45249  8.0716569
652.91953  174.80956  8.3533679
664.68814  180.26484  8.6401006
676.65294  185.81879  8.9318704
688.8165  191.47187  9.2286936
701.18138  197.22458  9.5305876
713.75016  203.07742  9.8375705
726.52545  209.03091  10.149662
739.50984  215.08556  10.466881
752.70596  221.24194  10.789249
766.11645  227.50059  11.116788
779.74396  233.86208  11.44952
793.59114  240.327  11.787467
807.66067  246.89594  12.130653
821.95525  253.56953  12.479103
836.47757  260.34837  12.832841
851.23036  267.23312  13.191892
866.21634  274.22441  13.556282
881.43827  281.32292  13.926037
896.8989  288.52931  14.301184
912.60102  295.84428  14.68175
928.5474  303.26852  15.067763
944.74087  310.80275  15.459251
961.18424  318.4477  15.856242
977.88035  326.20409  16.258765
994.83205  334.07267  16.66685
1012.0422  342.05421  17.080525
1029.5137  350.14948  17.499822
1047.2494  358.35925  17.92477
1065.2523  366.68433  18.3554
1083.5253  375.1255  18.791743
1102.0713  383.6836  19.233831
1120.8933  392.35944  19.681695
1139.9942  401.15386  20.135368
1159.3772  410.06771  20.594882
1179.0451  419.10184  21.06027
1199.001  428.25712  21.531566
1219.248  437.53443  22.008802
1239.789  446.93466  22.492012
1260.6273  456.45869  22.981232
1281.7659  466.10745  23.476494
1303.2078  475.88184  23.977835
1324.9563  485.7828  24.485289
1347.0145  495.81125  24.998892
1369.3854  505.96815  25.51868
1392.0724  516.25445  26.044688
1415.0787  526.6711  26.576955
1438.4073  537.2191  27.115515
1462.0616  547.89941  27.660407
1486.0448  558.71304  28.211668
1510.3602  569.66097  28.769337
1535.0111  580.74423  29.33345
1560.0007  591.96382  29.904047
1585.3324  603.32078  30.481167
1611.0096  614.81614  31.064849
1637.0355  626.45095  31.655132
1663.4136  638.22627  32.252057
1690.1472  650.14314  32.855663
1717.2398  662.20265  33.465992
1744.6948  674.40587  34.083083
1772.5157  686.75389  34.706979
1800.7059  699.24781  35.337721
1829.2688  711.88873  35.975351
1858.2081  724.67777  36.619911
1887.5271  737.61604  37.271444
1917.2296  750.70467  37.929993
1947.3189  763.94481  38.595601
1977.7988  777.3376  39.268312
2008.6727  790.8842  39.94817
2039.9444  804.58576  40.635219
2071.6174  818.44345  41.329503
2103.6954  832.45847  42.031069
2136.1821  846.63198  42.73996
2169.0811  860.96519  43.456224
2202.3962  875.45931  44.179906
2236.1312  890.11553  44.911052
2270.2896  904.93508  45.649709
2304.8754  919.91919  46.395925
2339.8923  935.0691  47.149746
