0.00056263865  0.63870027  0.0014958422
0.00062651841  0.67977373  0.001616639
0.00069572747  0.72191051  0.0017890852
0.0007705522  0.76528534  0.001958735
0.00085128577  0.80979949  0.0021448788
0.00093822809  0.8554201  0.0023486183
0.0010316857  0.90193388  0.0025897209
0.0011319718  0.94965757  0.0028250682
0.0012394061  0.99828583  0.0030883937
0.0013543147  1.047768  0.0033808132
0.0014770302  1.0983838  0.0036686545
0.0016078917  1.1497818  0.0039869554
0.0017472443  1.2020315  0.0043249445
0.0018954395  1.2550976  0.0046832988
0.0020528349  1.3088144  0.0050745396
0.0022197944  1.3635411  0.0054637827
0.0023966877  1.418852  0.0058869515
0.0025838907  1.4746992  0.0063454038
0.0027817853  1.5314949  0.0068034269
0.0029907592  1.5887686  0.0072991051
0.0032112058  1.6466418  0.0078183613
0.0034435246  1.7050902  0.0083630708
0.0036881208  1.7642698  0.0089250074
0.0039454051  1.8238143  0.0095221767
0.004215794  1.8838787  0.01014636
0.0044997097  1.9444506  0.010798022
0.0047975799  2.0055209  0.011477592
0.0051098376  2.0670841  0.012184302
0.0054369215  2.1291388  0.012920723
0.0057792758  2.1916873  0.013687367
0.0061373499  2.2547364  0.014481937
0.0065115986  2.3182972  0.015305831
0.0069024821  2.3823852  0.016159145
0.0073104657  2.446776  0.017050702
0.00773602  2.511978  0.017962844
0.0081796209  2.577783  0.018904212
0.0086417491  2.6439626  0.019886808
0.0091228908  2.7113471  0.020873471
0.0096235371  2.7791916  0.021900491
0.010144184  2.8478099  0.022954974
0.010685333  2.9172573  0.024036134
0.011247489  2.9872976  0.025155353
0.011831164  3.0585739  0.026287278
0.012436874  3.1312022  0.027429325
0.01306514  3.2046168  0.028605926
0.013716486  3.2792083  0.029802595
0.014391444  3.3550635  0.031017218
0.015090548  3.4326144  0.032238356
0.015814338  3.5112647  0.033481956
0.016563359  3.5914476  0.034735997
0.017338159  3.6732593  0.035997356
0.018139293  3.7567987  0.037266486
0.018967319  3.8421663  0.038531956
0.0198228  3.9294641  0.039793407
0.020706303  4.0187948  0.04104637
0.0216184  4.1102616  0.042286019
0.022559668  4.2039673  0.043507175
0.023530687  4.3000093  0.044704404
0.024532043  4.3984972  0.045871672
0.025564326  4.4999776  0.046996311
0.026628129  4.6018245  0.048137424
0.027724051  4.7100557  0.049124319
0.028852695  4.8187924  0.050114796
0.030014668  4.9309071  0.051035346
0.031210581  5.0455003  0.051898313
0.032441049  5.1636468  0.052672345
0.033706692  5.2849232  0.053362791
0.035008135  5.4093944  0.053963311
0.036346005  5.5371201  0.05446811
0.037720934  5.668154  0.054872156
0.039133559  5.8031279  0.055155979
0.04058452  5.9409319  0.05534714
0.042074462  6.0821744  0.055429785
0.043604033  6.2262623  0.055422746
0.045173885  6.3738304  0.055320809
0.046784676  6.5255462  0.055097619
0.048437066  6.6801484  0.054824967
0.050131719  6.8389813  0.054446407
0.051869303  7.0014132  0.054017377
0.053650492  7.1689  0.053487328
0.055475961  7.3379142  0.053074401
0.057346391  7.5113383  0.05267678
0.059262464  7.6892664  0.052336461
0.06122487  7.8702239  0.052186227
0.0632343  8.0550253  0.052248418
0.065291449  8.2437447  0.052593631
0.067397016  8.435625  0.053320338
0.069551705  8.6333149  0.054359544
0.071756221  8.8344013  0.055901352
0.074011276  9.0389755  0.057988469
0.076317584  9.2490063  0.060547307
0.078675861  9.4638127  0.0636378
0.08108683  9.6826699  0.067319275
0.083551216  9.9077451  0.071451813
0.086069748  10.138404  0.076075644
0.088643157  10.374991  0.081162422
0.091272179  10.617888  0.08668059
0.093957555  10.865365  0.092749104
0.096700027  11.123265  0.098947814
0.099500342  11.391239  0.10539586
0.10235925  11.66186  0.11240947
0.1052775  11.942472  0.11966733
0.10825586  12.236312  0.12698455
0.11129508  12.538096  0.13464031
0.11439593  12.851008  0.14249144
0.11755918  13.175897  0.1505029
0.12078559  13.513673  0.15867918
0.12407594  13.865307  0.1669902
0.12743102  14.230396  0.17547158
0.13085159  14.611417  0.1840862
0.13433844  15.012504  0.19264864
0.13789237  15.432057  0.20130224
0.14151416  15.869776  0.21008047
0.14520461  16.32853  0.21892383
0.14896451  16.809748  0.2278274
0.15279468  17.314926  0.23678942
0.1566959  17.84563  0.24576757
0.16066899  18.403494  0.25488049
0.16471476  18.99022  0.26401354
0.16883402  19.607579  0.27321016
0.1730276  20.255374  0.28254238
0.1772963  20.939515  0.29189001
0.18164097  21.660003  0.30132784
0.18606241  22.418877  0.31087022
0.19056147  23.218238  0.3205352
0.19513897  24.060247  0.33034547
0.19979576  24.947124  0.34032946
0.20453266  25.881142  0.35052285
0.20935054  26.867282  0.36088111
0.21425022  27.899924  0.37172803
0.21923256  28.995279  0.38268849
0.22429842  30.141717  0.39428165
0.22944864  31.347289  0.40640796
0.23468408  32.611236  0.419382
0.24000561  33.942353  0.43309201
0.24541409  35.340004  0.44780867
0.25091039  36.806637  0.46378627
0.25649538  38.344669  0.48129446
0.26216992  39.956475  0.50050564
0.26793491  41.644379  0.52176237
0.27379121  43.401907  0.54573196
0.27973971  45.257433  0.571711
0.28578129  47.186858  0.60108966
0.29191685  49.210711  0.63364481
0.29814726  51.311687  0.67015909
0.30447344  53.490119  0.71102326
0.31089627  55.76899  0.75604796
0.31741665  58.150817  0.80550557
0.32403549  60.608403  0.8602438
0.33075369  63.165839  0.92008173
0.33757217  65.818491  0.98531669
0.34449182  68.574083  1.0560012
0.35151357  71.413227  1.1326558
0.35863834  74.371539  1.2148124
0.36586703  77.41395  1.3030744
0.37320059  80.555055  1.3973392
0.38063992  83.786504  1.4976429
0.38818596  87.125377  1.6040417
0.39583965  90.554315  1.7168408
0.40360191  94.091095  1.8355359
0.41147368  97.726769  1.9603722
0.4194559  101.46105  2.0913407
0.42754951  105.29353  2.2284232
0.43575546  109.22375  2.3715933
0.4440747  113.23983  2.5209974
0.45250817  117.36286  2.6762451
0.46105683  121.56985  2.8376939
0.46972164  125.89629  3.0045779
0.47850355  130.30462  3.1775636
0.48740352  134.80617  3.3563504
0.49642252  139.3999  3.540876
0.50556152  144.08495  3.7310713
0.51482148  148.8757  3.9266576
0.52420338  153.74057  4.1279805
0.53370819  158.69346  4.3347587
0.54333688  163.74976  4.5467636
0.55309044  168.8757  4.7642205
0.56296986  174.08614  4.9869003
0.57297611  179.36125  5.2148879
0.58311018  184.73647  5.4477756
0.59337306  190.19359  5.6856329
0.60376575  195.74848  5.928238
0.61428924  201.34125  6.1760029
0.62494453  207.05464  6.4281328
0.63573262  212.82209  6.685098
0.64665452  218.64043  6.9468252
0.65771122  224.55593  7.2128399
0.66890374  230.5427  7.4832661
0.68023308  236.60029  7.7580141
0.69170027  242.72747  8.0370025
0.70330632  248.92312  8.3201491
0.71505224  255.1858  8.607376
0.72693905  261.54169  8.8983952
0.73896779  267.93571  9.1935383
0.75113947  274.36656  9.4927198
0.76345512  280.88589  9.7954722
0.77591578  287.49442  10.10171
0.78852247  294.10664  10.411968
0.80127624  300.8062  10.725557
0.81417812  307.5618  11.042625
0.82722915  314.37589  11.363068
0.84043037  321.27923  11.686589
0.85378284  328.20429  12.013593
0.86728759  335.18288  12.343773
0.88094568  342.21398  12.677061
0.89475817  349.22835  13.013944
0.90872609  356.39529  13.352921
0.92285053  363.50463  13.695906
0.93713252  370.73361  14.040969
0.95157315  378.01016  14.38881
0.96617346  385.33334  14.739366
0.98093453  392.70224  15.092575
0.99585743  400.15384  15.447931
1.0109432  407.57333  15.806716
1.026193  415.11653  16.167034
1.0416078  422.70225  16.529877
1.0571888  430.3292  16.895188
1.0729369  437.95629  17.263065
1.0888534  445.62313  17.633192
1.1049392  453.32895  18.005516
1.1211955  461.12154  18.379799
1.1376233  468.90381  18.756359
1.1542239  476.72278  19.13496
1.1709981  484.57771  19.515556
1.1879472  492.4679  19.898095
1.2050722  500.39265  20.282532
1.2223743  508.35126  20.668819
1.2398545  516.34307  21.056911
1.257514  524.36741  21.446763
1.2753538  532.36751  21.838539
1.2933751  540.46101  22.23175
1.311579  548.6293  22.626445
1.3299666  556.72314  23.023102
1.348539  564.95511  23.42092
1.3672974  573.10501  23.820644
1.3862428  581.33899  24.22164
1.4053764  589.60071  24.624069
1.4246993  597.88962  25.027894
1.4442127  606.20519  25.43308
1.4639176  614.5469  25.839591
1.4838153  622.91424  26.247391
1.5039067  631.3067  26.656447
1.5241932  639.7238  27.066726
1.5446758  648.16506  27.478195
1.5653556  656.63002  27.890823
1.5862338  665.1182  28.304577
1.6073116  673.62917  28.719429
1.6285901  682.16248  29.135347
1.6500704  690.7177  29.552303
1.6717537  699.29442  29.970269
1.6936412  707.81524  30.389669
1.715734  716.5107  30.809119
1.7380332  725.2213  31.229701
1.7605401  733.88082  31.65143
1.7832558  742.55985  32.074036
1.8061815  751.25805  32.497493
1.8293182  759.97503  32.921778
1.8526673  768.71045  33.346866
1.8762299  777.46397  33.772735
1.900007  786.23523  34.199362
1.924  795.02393  34.626725
1.94821  803.82972  35.054802
1.9726382  812.65229  35.483572
1.9972858  821.49133  35.913015
2.0221538  830.34654  36.34311
2.0472436  839.21762  36.773838
2.0725564  848.01976  37.205465
2.0980932  857.00624  37.637115
2.1238553  865.92321  38.069627
2.149844  874.85492  38.502698
2.1760603  883.80112  38.93631
2.2025055  892.76153  39.370446
2.2291808  901.7359  39.805089
2.2560874  910.6332  40.240529
2.2832265  919.72553  40.675833
2.3105993  928.74031  41.111903
2.338207  937.76808  41.548417
2.3660508  946.78992  41.985407
2.394132  955.8428  42.422767
2.4224517  964.908  42.860528
2.4510112  973.98531  43.298677
2.4798116  983.07451  43.7372
2.5088543  992.17541  44.176084
2.5381404  1001.2878  44.615317
2.5676712  1010.4207  45.054807
2.5974478  1019.4485  45.495144
2.6274716  1028.5904  45.935366
2.6577437  1037.8483  46.375489
2.6882653  1047.1395  46.816119
2.7190378  1056.3179  47.25719
2.7500623  1065.5065  47.698529
2.7813401  1074.7052  48.140125
2.8128724  1083.9137  48.581968
2.8446605  1093.1319  49.024048
2.8767055  1102.3596  49.466354
2.9090089  1111.5967  49.908879
2.9415717  1120.8431  50.351612
2.9743953  1130.0985  50.794545
3.0074809  1139.3629  51.237668
3.0408297  1148.6361  51.680974
