0.00056263865  0.64412229  0.0016701129
0.00062651841  0.68567975  0.0018569817
0.00069572747  0.72870111  0.0020386432
0.0007705522  0.77273644  0.0022552533
0.00085128577  0.81779985  0.0024992824
0.00093822809  0.86443971  0.0027377181
0.0010316857  0.91196757  0.0030063618
0.0011319718  0.9605985  0.0032938756
0.0012394061  1.0103017  0.0036009136
0.0013543147  1.0609404  0.0039298799
0.0014770302  1.1125779  0.0042832785
0.0016078917  1.1653016  0.0046539654
0.0017472443  1.2187316  0.0050648301
0.0018954395  1.2734373  0.0054715897
0.0020528349  1.3290442  0.0059049746
0.0022197944  1.3853855  0.0063708219
0.0023966877  1.442419  0.0068699606
0.0025838907  1.5005462  0.0073801966
0.0027817853  1.5593167  0.0079249805
0.0029907592  1.618851  0.0084971805
0.0032112058  1.6791296  0.0090979375
0.0034435246  1.7401354  0.0097279173
0.0036881208  1.8018575  0.010386721
0.0039454051  1.8644611  0.011071886
0.004215794  1.9275789  0.011791834
0.0044997097  1.9913835  0.012542889
0.0047975799  2.0558722  0.013325499
0.0051098376  2.1208387  0.014144689
0.0054369215  2.1866934  0.014991642
0.0057792758  2.253022  0.015879074
0.0061373499  2.3202854  0.016791198
0.0065115986  2.3882774  0.017736168
0.0069024821  2.4570185  0.018712075
0.0073104657  2.5262796  0.019734048
0.00773602  2.5965897  0.020779284
0.0081796209  2.6677346  0.021854761
0.0086417491  2.739751  0.022961999
0.0091228908  2.8129593  0.024088175
0.0096235371  2.8868502  0.0252567
0.010144184  2.9617441  0.026455188
0.010685333  3.0376915  0.027680957
0.011247489  3.1147459  0.028933167
0.011831164  3.1920204  0.030254906
0.012436874  3.272402  0.031508808
0.01306514  3.3531219  0.032828918
0.013716486  3.4351845  0.034165833
0.014391444  3.5186519  0.035516677
0.015090548  3.6035868  0.036878266
0.015814338  3.6900486  0.03824653
0.016563359  3.7784935  0.039607493
0.017338159  3.8682092  0.040974954
0.018139293  3.9592379  0.04234194
0.018967319  4.0524174  0.043689133
0.0198228  4.147827  0.045004623
0.020706303  4.243845  0.046325861
0.0216184  4.3430315  0.047575763
0.022559668  4.4437404  0.048797169
0.023530687  4.5464271  0.049966734
0.024532043  4.6511151  0.051081136
0.025564326  4.7583061  0.052115699
0.026628129  4.8656153  0.053126095
0.027724051  4.9773578  0.053975991
0.028852695  5.0901799  0.054773617
0.030014668  5.205035  0.055463849
0.031210581  5.3219052  0.056044483
0.032441049  5.4407762  0.05650804
0.033706692  5.5627169  0.056826775
0.035008135  5.6855031  0.057038067
0.036346005  5.809613  0.057125988
0.037720934  5.9361386  0.057071704
0.039133559  6.0650678  0.056874713
0.04058452  6.1951819  0.056556829
0.042074462  6.3270196  0.056115632
0.043604033  6.4605398  0.055561678
0.045173885  6.5950459  0.054922051
0.046784676  6.7318135  0.054193937
0.048437066  6.8694945  0.053434497
0.050131719  7.010108  0.052612023
0.051869303  7.1523532  0.051826125
0.053650492  7.2954889  0.051121907
0.055475961  7.4402568  0.050542303
0.057346391  7.5867108  0.050134639
0.059262464  7.7349271  0.049999974
0.06122487  7.8850066  0.050153685
0.0632343  8.0370773  0.050688241
0.065291449  8.1912966  0.051640903
0.067397016  8.3470177  0.053066066
0.069551705  8.5069694  0.054923232
0.071756221  8.6689027  0.057273209
0.074011276  8.8330603  0.060102437
0.076317584  9.0006247  0.063378288
0.078675861  9.172907  0.067020824
0.08108683  9.3494124  0.07102461
0.083551216  9.5315568  0.075318064
0.086069748  9.7179521  0.079920929
0.088643157  9.9100749  0.084762738
0.091272179  10.10851  0.089806185
0.093957555  10.313887  0.095016861
0.096700027  10.525832  0.10039088
0.099500342  10.747131  0.10584516
0.10235925  10.977516  0.11138273
0.1052775  11.217789  0.11698207
0.10825586  11.467637  0.12266255
0.11129508  11.73141  0.1282957
0.11439593  12.006565  0.13398245
0.11755918  12.29522  0.13967577
0.12078559  12.598379  0.1453692
0.12407594  12.91708  0.15105904
0.12743102  13.252401  0.15674113
0.13085159  13.605455  0.16242655
0.13433844  13.977392  0.16811024
0.13789237  14.369395  0.17380135
0.14151416  14.781192  0.17955436
0.14520461  15.216975  0.18528944
0.14896451  15.676581  0.19106419
0.15279468  16.161328  0.19689325
0.1566959  16.672567  0.20279298
0.16066899  17.211682  0.20878136
0.16471476  17.780087  0.21485332
0.16883402  18.379225  0.22107832
0.1730276  19.00862  0.22752753
0.1772963  19.675619  0.23396525
0.18164097  20.375902  0.24071594
0.18606241  21.112969  0.24770868
0.19056147  21.888391  0.25493628
0.19513897  22.70376  0.26244447
0.19979576  23.560684  0.27026292
0.20453266  24.460784  0.2784524
0.20935054  25.405688  0.28698555
0.21425022  26.397033  0.29592596
0.21923256  27.436453  0.30530943
0.22429842  28.525577  0.3151738
0.22944864  29.666027  0.32555907
0.23468408  30.859407  0.3365077
0.24000561  32.107152  0.34807015
0.24541409  33.417876  0.3600931
0.25091039  34.77971  0.37300349
0.25649538  36.204239  0.38662144
0.26216992  37.685855  0.40110253
0.26793491  39.229407  0.41645565
0.27379121  40.836233  0.43274068
0.27973971  42.507612  0.4500192
0.28578129  44.244755  0.46835397
0.29191685  46.048806  0.48780838
0.29814726  47.916172  0.50849456
0.30447344  49.856735  0.53043783
0.31089627  51.872734  0.55355584
0.31741665  53.954352  0.57811361
0.32403549  56.101699  0.6041552
0.33075369  58.338547  0.63152727
0.33757217  60.636748  0.66043485
0.34449182  63.008188  0.69099642
0.35151357  65.446704  0.72320613
0.35863834  67.972372  0.75701086
0.36586703  70.565704  0.79253151
0.37320059  73.226002  0.82980553
0.38063992  75.967983  0.86879812
0.38818596  78.784495  0.90949091
0.39583965  81.675487  0.95201211
0.40360191  84.649486  0.99620871
0.41147368  87.689334  1.0423872
0.4194559  90.803117  1.0902326
0.42754951  93.990529  1.1398595
0.43575546  97.241398  1.1913019
0.4440747  100.58473  1.244424
0.45250817  103.99063  1.2993445
0.46105683  107.4577  1.355982
0.46972164  111.01748  1.4143185
0.47850355  114.63727  1.4743246
0.48740352  118.32714  1.5360762
0.49642252  122.07419  1.5996122
0.50556152  125.91445  1.6646111
0.51482148  129.81046  1.7313322
0.52420338  133.77372  1.7995617
0.53370819  137.80345  1.8693503
0.54333688  141.89887  1.9406523
0.55309044  146.05918  2.0128167
0.56296986  150.28354  2.0870586
0.57297611  154.55593  2.1634471
0.58311018  158.90546  2.2405404
0.59337306  163.3002  2.3191759
0.60376575  167.77146  2.398986
0.61428924  172.3025  2.4801071
0.62494453  176.89245  2.5625089
0.63573262  181.54044  2.646161
0.64665452  186.24558  2.7310336
0.65771122  191.00701  2.8169938
0.66890374  195.82385  2.904321
0.68023308  200.69523  2.9926774
0.69170027  205.64042  3.0819372
0.70330632  210.61877  3.172468
0.71505224  215.64907  3.2640457
0.72693905  220.73048  3.3566428
0.73896779  225.86215  3.4502323
0.75113947  231.04324  3.5447876
0.76345512  236.27291  3.6402827
0.77591578  241.55035  3.7366919
0.78852247  246.87475  3.8339901
0.80127624  252.27042  3.9320433
0.81417812  257.68685  4.0310741
0.82722915  263.14785  4.1308925
0.84043037  268.65264  4.2315046
0.85378284  274.20046  4.3327625
0.86728759  279.79055  4.4348728
0.88094568  285.42217  4.5375881
0.89475817  291.09458  4.6410042
0.90872609  296.80706  4.7454298
0.92285053  302.5589  4.8504824
0.93713252  308.3494  4.9560484
0.95157315  314.17787  5.0622414
0.96617346  320.04362  5.1690428
0.98093453  325.946  5.2753603
0.99585743  331.88434  5.3834392
1.0109432  337.858  5.4919464
1.026193  343.86635  5.600992
1.0416078  349.90875  5.7105595
1.0571888  355.98461  5.8206329
1.0729369  362.09331  5.9311966
1.0888534  368.23426  6.0422355
1.1049392  374.40689  6.1537346
1.1211955  380.61063  6.2656797
1.1376233  386.8449  6.3780566
1.1542239  393.10918  6.4908516
1.1709981  399.40291  6.6040515
1.1879472  405.72557  6.7176433
1.2050722  412.07665  6.8307788
1.2223743  418.45562  6.9450997
1.2398545  424.86199  7.0597757
1.257514  431.29527  7.174795
1.2753538  437.75499  7.2901465
1.2933751  444.24067  7.4070518
1.311579  450.75184  7.5230435
1.3299666  457.28806  7.6403177
1.348539  463.80343  7.7566005
1.3672974  470.43387  7.8723402
1.3862428  476.9946  7.9900725
1.4053764  483.62598  8.1074674
1.4246993  490.28026  8.2251143
1.4442127  496.95705  8.3430045
1.4639176  503.65595  8.4611294
1.4838153  510.37658  8.5794806
1.5039067  517.11856  8.6975259
1.5241932  523.88151  8.8162964
1.5446758  530.66508  8.9352697
1.5653556  537.4167  9.054898
1.5862338  544.2391  9.1742681
1.6073116  551.13789  9.2928882
1.6285901  558.00045  9.4130331
1.6500704  564.88191  9.5321724
1.6717537  571.78195  9.6522055
1.6936412  578.70026  9.7723935
1.715734  585.63652  9.8932738
1.7380332  592.59044  10.014372
1.7605401  599.56171  10.135
1.7832558  606.55005  10.256496
1.8061815  613.55518  10.377395
1.8293182  620.5768  10.498415
1.8526673  627.61465  10.61955
1.8762299  634.66847  10.741029
1.900007  641.73798  10.862384
1.924  648.82293  10.982667
1.94821  655.92308  11.104204
1.9726382  663.03816  11.227037
1.9972858  670.16795  11.34877
2.0221538  677.31219  11.469044
2.0472436  684.47067  11.590923
2.0725564  691.64315  11.712877
2.0980932  698.82942  11.83645
2.1238553  706.02924  11.957578
2.149844  713.24241  12.079748
2.1760603  720.39825  12.202327
2.2025055  727.70795  12.324
2.2291808  734.95991  12.446339
2.2560874  742.22441  12.56873
2.2832265  749.50125  12.691169
2.3105993  756.79023  12.813653
2.338207  764.09118  12.93704
2.3660508  771.4039  13.059616
2.394132  778.65064  13.182899
2.4224517  786.06398  13.304878
2.4510112  793.41099  13.427557
2.4798116  800.76908  13.550266
2.5088543  808.1381  13.673002
2.5381404  815.51787  13.795762
2.5676712  822.90824  13.918544
2.5974478  830.30906  14.041347
2.6274716  837.72017  14.164167
2.6577437  845.14143  14.287004
2.6882653  852.48919  14.41057
2.7190378  860.01378  14.532716
2.7500623  867.4646  14.655588
2.7813401  874.925  14.778468
2.8128724  882.39483  14.901355
2.8446605  889.87397  15.024246
2.8767055  897.36228  15.147141
2.9090089  904.85965  15.270037
2.9415717  912.36594  15.392932
2.9743953  919.79038  15.516608
3.0074809  927.4048  15.638718
3.0408297  934.93713  15.761605
