0.52867952  0.0002113781  9.2085573e-07
0.57686043  0.00024146699  1.0946388e-06
0.6282856  0.00027495803  1.2963704e-06
0.68309666  0.00031213222  1.5297713e-06
0.74143799  0.00035328431  1.7989526e-06
0.80345673  0.00039872297  2.1084456e-06
0.86930275  0.00044877088  2.4632314e-06
0.9391286  0.00050376482  2.868773e-06
1.0130896  0.00056405586  3.3310471e-06
1.0913435  0.00063000949  3.8565777e-06
1.174051  0.00070200585  4.4524701e-06
1.2613753  0.00078043994  5.1264457e-06
1.3534822  0.00086572199  5.8868772e-06
1.45054  0.00095827779  6.7428247e-06
1.5527198  0.0010585492  7.7040715e-06
1.660195  0.0011669948  8.7811604e-06
1.7731416  0.0012840903  9.9854292e-06
1.8917384  0.0014103299  1.1329046e-05
2.0161662  0.0015462268  1.2825046e-05
2.1466087  0.0016923145  1.4487359e-05
2.2832519  0.0018491484  1.6330847e-05
2.4262843  0.0020173069  1.8371332e-05
2.5758967  0.0021973936  2.0625618e-05
2.7322825  0.0023900391  2.3111517e-05
2.8956374  0.0025959033  2.5847868e-05
3.0661596  0.0028156777  2.8854543e-05
3.2440495  0.0030500886  3.2152457e-05
3.42951  0.0032999001  3.576356e-05
3.6227463  0.003565917  3.9710826e-05
3.8239658  0.0038489889  4.4018222e-05
4.0333786  0.0041500143  4.8710668e-05
4.2511966  0.004469944  5.3813982e-05
4.4776344  0.0048097866  5.9354794e-05
4.7129088  0.0051706124  6.5360449e-05
4.9572386  0.0055535589  7.1858879e-05
5.2108453  0.0059598358  7.8878438e-05
5.4739523  0.0063907301  8.6447711e-05
5.7467853  0.0068476121  9.4595276e-05
6.0295724  0.0073319401  0.00010334943
6.3225438  0.0078452669  0.00011273785
6.6259319  0.0083892443  0.00012278721
6.9399714  0.008965629  0.00013352275
7.264899  0.0095762875  0.00014496775
7.6009538  0.010223201  0.00015714293
7.9483769  0.010908468  0.00017006582
8.3074118  0.011634313  0.00018375001
8.678304  0.012403081  0.00019820431
9.0613011  0.01321725  0.00021343186
9.4566531  0.014079423  0.00022942913
9.8646118  0.014992335  0.00024618483
10.285431  0.015958846  0.00026367877
10.719368  0.016981947  0.00028188064
11.166681  0.018064745  0.00030074872
11.62763  0.019210469  0.00032022858
12.102477  0.020422454  0.00034025176
12.591488  0.021704138  0.00036073452
13.094929  0.023059045  0.00038157658
13.61307  0.024490781  0.00040266011
14.146181  0.02600301  0.00042384888
14.694535  0.027599445  0.00044498775
15.258408  0.029283825  0.00046590269
15.838077  0.031059896  0.00048640133
16.433821  0.032931391  0.00050627456
17.045922  0.034902004  0.00052529918
17.674662  0.03697537  0.0005432423
18.320328  0.039155039  0.00055986783
18.983207  0.041444447  0.00057494602
19.663587  0.043846898  0.00058826688
20.361762  0.046365539  0.00059965911
21.078022  0.049003332  0.00060901615
21.812665  0.051763044  0.00061633203
22.565988  0.054647221  0.0006217497
23.338288  0.057658185  0.00062562503
24.129868  0.060798015  0.00062860854
24.941031  0.064068557  0.00063174326
25.772081  0.06747142  0.0006365685
26.623324  0.071007994  0.00064520351
27.49507  0.074679471  0.00066036366
28.387628  0.078486878  0.00068524903
29.301311  0.082431121  0.00072326905
30.236433  0.086513038  0.00077764637
31.193309  0.090733475  0.00085103857
32.172256  0.095093363  0.00094533357
33.173595  0.099593822  0.0010616736
34.197645  0.10423627  0.0012006352
35.244731  0.10902257  0.0013624468
36.315175  0.11395516  0.0015471618
37.409305  0.11903722  0.0017547643
38.527449  0.12427289  0.0019852173
39.669936  0.12966743  0.0022384745
40.837099  0.13522747  0.0025144721
42.02927  0.14096125  0.0028131115
43.246787  0.14687886  0.0031342405
44.489986  0.15299253  0.0034776342
45.759206  0.15931694  0.003842979
47.05479  0.16586948  0.0042298588
48.377081  0.17267065  0.0046377451
49.726424  0.17974432  0.0050659888
51.10317  0.18711815  0.0055138164
52.507667  0.19482391  0.005980328
53.940269  0.20289788  0.0064644988
55.401332  0.21138123  0.0069651838
56.891215  0.22032042  0.0074811246
58.410278  0.22976757  0.0080109601
59.958886  0.23978091  0.0085532391
61.537407  0.25042514  0.009106437
63.146211  0.26177188  0.0096689746
64.785672  0.27390004  0.010239239
66.45617  0.28689625  0.010815611
68.158084  0.30085524  0.011396488
69.891802  0.31588029  0.011980316
71.657714  0.33208354  0.012565622
73.456213  0.34958646  0.013151046
75.287699  0.3685202  0.013735375
77.152576  0.38902593  0.014317583
79.051254  0.41125528  0.014896862
80.984146  0.43537067  0.015472665
82.951675  0.46154567  0.016044739
84.954264  0.4899654  0.016613161
86.992347  0.52082683  0.017178371
89.066363  0.55433922  0.017741206
91.176757  0.59072446  0.018302928
93.323982  0.63021743  0.018865245
95.508496  0.67306645  0.019430338
97.730768  0.71953368  0.020000871
99.991273  0.76989554  0.020580005
102.29049  0.82444318  0.021171399
104.62892  0.883483  0.02177921
107.00706  0.94733712  0.022408083
109.42541  1.016344  0.023063139
111.88451  1.0908555  0.023742504
114.38486  1.1708779  0.024249004
116.927  1.256235  0.024810275
119.51146  1.3476672  0.025480879
122.13879  1.4457334  0.026226271
124.80955  1.5509295  0.027044938
127.52431  1.6637457  0.027940985
130.28367  1.7846804  0.028920539
133.08823  1.9142469  0.029990757
135.93859  2.0529765  0.031159459
138.83539  2.2014215  0.032434996
141.77926  2.3601563  0.033826207
144.77087  2.5297801  0.035342431
147.81087  2.7109175  0.036993565
150.89997  2.9042199  0.038790128
154.03885  3.1103674  0.040743359
157.22823  3.3300689  0.042865321
160.46886  3.5640639  0.045169023
163.76148  3.8131232  0.047668544
167.10687  4.0780495  0.050379178
170.50581  4.3596783  0.053317567
173.9591  4.6588785  0.056501852
177.4676  4.9765526  0.059951818
181.03213  5.3136368  0.063689035
184.65357  5.6711015  0.067736995
188.33282  6.0499507  0.072121234
192.0708  6.4512216  0.076869446
195.86843  6.8759844  0.082011568
199.72669  7.3253408  0.087579844
203.64657  7.8004236  0.093608861
207.62907  8.3023945  0.10013554
211.67523  8.8324433  0.10719912
215.78613  9.3917855  0.11484105
219.96285  9.9816604  0.12310488
224.20651  10.603329  0.1320361
228.51825  11.25807  0.14168196
232.89926  11.947179  0.15209116
237.35072  12.671965  0.16331367
241.87388  13.433746  0.17540031
246.46998  14.233847  0.18840252
251.14032  15.073597  0.20237196
255.8862  15.954322  0.21736012
260.70898  16.877348  0.23341802
265.61001  17.843992  0.2505958
270.5907  18.855561  0.26894234
275.65247  19.913346  0.288505
280.79678  21.018625  0.30932919
286.02511  22.172652  0.33145817
291.33895  23.37666  0.35493273
296.73985  24.631857  0.37979099
302.22936  25.939421  0.40606816
307.80906  27.300502  0.43379646
313.48056  28.716217  0.46300493
319.24549  30.18765  0.49371941
325.10549  31.71585  0.5259625
331.06226  33.30183  0.55975352
337.11747  34.946569  0.59510862
343.27285  36.651008  0.6320408
349.53014  38.416052  0.67056007
355.89109  40.242569  0.71067352
362.35747  42.131393  0.75238553
368.93109  44.083322  0.7956979
375.61375  46.099121  0.8406101
382.40729  48.179521  0.8871194
389.31354  50.325224  0.93522114
396.33436  52.536899  0.9849089
403.47164  54.815189  1.0361747
410.72725  57.16071  1.0890094
418.10312  59.574051  1.1434024
425.60115  62.055782  1.1993425
433.22327  64.606447  1.2568177
440.97144  67.226574  1.3158154
448.8476  69.916671  1.3763225
456.85374  72.677231  1.4383258
464.99182  75.508733  1.501812
473.26385  78.411644  1.5667678
481.67183  81.386419  1.6331801
490.21778  84.433504  1.7010358
498.90373  87.553337  1.7703225
507.73171  90.746351  1.8410279
516.70379  94.012973  1.9131403
525.82201  97.353627  1.9866486
535.08845  100.76873  2.0615421
544.50521  104.25871  2.1378109
554.07436  107.82398  2.2154455
563.79803  111.46496  2.2944374
573.67831  115.18208  2.3747785
583.71735  118.97575  2.4564614
593.91728  122.84641  2.5394795
604.28025  126.79449  2.6238269
614.80842  130.82042  2.7094983
625.50395  134.92464  2.796489
636.36905  139.10761  2.8847952
647.40588  143.36977  2.9744136
658.61667  147.71158  3.0653415
670.00363  152.13351  3.1575768
681.56898  156.63603  3.2511183
693.31496  161.21962  3.345965
705.24382  165.88477  3.4421166
717.35783  170.63198  3.5395735
729.65926  175.46176  3.6383365
742.15039  180.37461  3.7384068
754.83353  185.37106  3.8397863
767.71097  190.45163  3.9424771
780.78505  195.61687  4.0464822
794.05809  200.86732  4.1518045
807.53244  206.20354  4.2584478
821.21046  211.6261  4.3664158
835.09452  217.13557  4.4757131
849.18701  222.73252  4.5863442
863.49032  228.41756  4.6983143
878.00685  234.19129  4.8116288
892.73904  240.05431  4.9262934
907.68931  246.00724  5.0423141
922.86012  252.05071  5.1596972
938.25392  258.18536  5.2784493
953.8732  264.41182  5.3985774
969.72042  270.73076  5.5200885
985.79811  277.14284  5.64299
1002.1088  283.64872  5.7672896
1018.6549  290.2491  5.8929951
1035.4391  296.94464  6.0201145
1052.4639  303.73606  6.1486563
1069.7319  310.62405  6.2786287
1087.2456  317.60934  6.4100406
1105.0077  324.69263  6.5429009
1123.0208  331.87466  6.6772185
1141.2874  339.15618  6.8130027
1159.8102  346.53792  6.950263
1178.592  354.02063  7.0890089
1197.6353  361.60509  7.2292501
1216.9428  369.29206  7.3709966
1236.5173  377.08232  7.5142583
1256.3614  384.97665  7.6590456
1276.4779  392.97586  7.8053687
1296.8695  401.08073  7.9532381
1317.539  409.29208  8.1026644
1338.4891  417.61073  8.2536583
1359.7226  426.0375  8.4062308
1381.2424  434.57322  8.5603929
1403.0513  443.21874  8.7161556
1425.152  451.97489  8.8735302
1447.5475  460.84253  9.0325281
1470.2406  469.82253  9.1931607
1493.2342  478.91575  9.3554397
1516.5311  488.12308  9.5193768
1540.1343  497.44538  9.6849838
1564.0467  506.88356  9.8522725
1588.2713  516.43851  10.021255
1612.8109  526.11113  10.191944
1637.6687  535.90235  10.364351
1662.8474  545.81307  10.538488
1688.3503  555.84422  10.714368
1714.1803  565.99674  10.892004
1740.3403  576.27157  11.071409
1766.8336  586.66965  11.252594
1793.6631  597.19194  11.435573
1820.8319  607.8394  11.620359
1848.3431  618.61299  11.806965
1876.1999  629.5137  11.995403
1904.4054  640.54249  12.185688
1932.9627  651.70037  12.377832
1961.8749  662.98833  12.571849
1991.1454  674.40736  12.767753
2020.7772  685.95847  12.965556
2050.7735  697.64269  13.165274
2081.1377  709.46103  13.366918
2111.873  721.41452  13.570504
2142.9826  733.5042  13.776046
2174.4698  745.7311  13.983556
