140.069  2.01072  18.4551 0.15339
140.952  2.05938  18.1486 0.156198
141.84  2.10904  17.8594 0.159067
142.731  2.15972  17.5863 0.161998
143.627  2.21145  17.3284 0.16499
144.528  2.26423  17.0845 0.168044
145.433  2.31808  16.8536 0.17116
146.342  2.37302  16.6353 0.174338
147.255  2.42907  16.4283 0.177578
148.173  2.48624  16.2325 0.18088
149.096  2.54455  16.0467 0.184244
150.022  2.60402  15.8704 0.18767
150.954  2.66467  15.7033 0.191159
151.89  2.72651  15.5447 0.194711
152.83  2.78957  15.3941 0.198325
153.775  2.85386  15.2508 0.202002
154.724  2.9194  15.115 0.205742
155.678  2.98621  14.9859 0.209545
156.637  3.05432  14.8631 0.213411
157.6  3.12373  14.7461 0.217341
158.568  3.19448  14.6351 0.221333
159.54  3.26657  14.5294 0.225389
160.517  3.34004  14.4289 0.229508
161.499  3.4149  14.3333 0.233691
162.486  3.49117  14.242 0.237938
163.477  3.56888  14.1555 0.242248
164.473  3.64804  14.0728 0.246623
165.474  3.72869  13.9942 0.251061
166.48  3.81083  13.9195 0.255563
167.49  3.8945  13.848 0.260129
168.505  3.97971  13.7804 0.264759
169.525  4.06649  13.7157 0.269453
170.55  4.15487  13.654 0.274212
171.58  4.24486  13.5955 0.279035
172.615  4.33649  13.5397 0.283921
173.655  4.42979  13.4866 0.288873
174.7  4.52477  13.4361 0.293888
175.75  4.62147  13.3882 0.298967
176.805  4.71991  13.3425 0.304111
177.865  4.82012  13.2987 0.309319
178.93  4.92211  13.2574 0.314591
180  5.02592  13.2181 0.319928
181.075  5.13157  13.1809 0.325328
182.155  5.23909  13.1452 0.330793
183.241  5.3485  13.1115 0.336321
184.331  5.45984  13.0796 0.341914
185.427  5.57312  13.0492 0.34757
186.528  5.68839  13.0203 0.353289
187.635  5.80566  12.9931 0.359073
188.747  5.92496  12.9674 0.36492
189.864  6.04633  12.9429 0.37083
190.986  6.16978  12.9195 0.376803
192.114  6.29536  12.8977 0.382839
193.247  6.42309  12.877 0.388938
194.385  6.55299  12.8578 0.395099
195.529  6.6851  12.8392 0.401323
196.679  6.81945  12.8221 0.407609
197.834  6.95607  12.8058 0.413957
198.994  7.09499  12.7905 0.420366
200.16  7.23624  12.7763 0.426836
201.332  7.37986  12.763 0.433368
202.509  7.52586  12.7503 0.43996
203.692  7.67429  12.7388 0.446613
204.881  7.82517  12.7279 0.453325
206.075  7.97855  12.7178 0.460098
207.275  8.13444  12.7084 0.466929
208.481  8.29289  12.6998 0.47382
209.692  8.45392  12.6919 0.480768
210.909  8.61757  12.6848 0.487775
212.133  8.78388  12.678 0.494839
213.362  8.95287  12.6721 0.501961
214.596  9.12457  12.6665 0.509139
215.837  9.29903  12.6617 0.516373
217.084  9.47628  12.6573 0.523662
218.337  9.65634  12.6535 0.531007
219.596  9.83926  12.6502 0.538406
220.86  10.0251  12.6473 0.545858
222.131  10.2138  12.6449 0.553364
223.408  10.4055  12.6428 0.560923
224.691  10.6002  12.6411 0.568533
225.981  10.7979  12.6399 0.576195
227.276  10.9987  12.6393 0.583907
228.578  11.2025  12.6387 0.59167
229.886  11.4095  12.6387 0.599481
231.2  11.6197  12.6387 0.607341
232.521  11.8331  12.6393 0.615248
233.848  12.0497  12.6402 0.623203
235.181  12.2696  12.6414 0.631203
236.521  12.4928  12.6425 0.639249
237.867  12.7194  12.6443 0.64734
239.22  12.9493  12.6461 0.655473
240.579  13.1827  12.6484 0.66365
241.945  13.4195  12.6508 0.671869
243.318  13.6598  12.6532 0.680128
244.697  13.9036  12.6561 0.688428
246.082  14.151  12.6591 0.696766
247.475  14.402  12.662 0.705143
248.874  14.6566  12.6653 0.713557
250.28  14.9149  12.6688 0.722007
251.693  15.1769  12.6724 0.730493
253.113  15.4427  12.6762 0.739013
254.539  15.7122  12.68 0.747565
255.973  15.9856  12.6839 0.756151
257.413  16.2628  12.688 0.764767
258.86  16.5438  12.6921 0.773413
260.315  16.8288  12.6966 0.782088
261.776  17.1178  12.7007 0.790791
263.245  17.4107  12.7054 0.799521
264.721  17.7077  12.7099 0.808276
266.203  18.0088  12.7143 0.817056
267.694  18.3139  12.719 0.82586
269.191  18.6232  12.7237 0.834685
270.696  18.9366  12.7285 0.843532
272.208  19.2543  12.7332 0.852399
273.727  19.5762  12.7379 0.861284
275.254  19.9023  12.7429 0.870187
276.788  20.2328  12.7477 0.879107
278.33  20.5676  12.7527 0.888042
279.879  20.9068  12.7574 0.896991
281.436  21.2504  12.7624 0.905953
283  21.5984  12.7672 0.914927
284.573  21.9509  12.7722 0.923911
286.152  22.3079  12.7769 0.932904
287.74  22.6695  12.7819 0.941906
289.335  23.0356  12.7867 0.950914
290.938  23.4064  12.7914 0.959928
292.549  23.7818  12.7961 0.968947
294.168  24.1618  12.8008 0.977969
295.795  24.5466  12.8056 0.986992
297.43  24.936  12.8103 0.996017
299.073  25.3303  12.815 1.00504
300.723  25.7293  12.8194 1.01406
302.382  26.1332  12.8242 1.02309
304.05  26.5419  12.8286 1.0321
305.725  26.9556  12.833 1.04111
307.408  27.3741  12.8374 1.05012
309.1  27.7976  12.8416 1.05912
310.801  28.2261  12.846 1.0681
312.509  28.6595  12.8501 1.07708
314.226  29.098  12.8543 1.08605
315.952  29.5416  12.8581 1.09501
317.685  29.9903  12.8623 1.10395
319.428  30.4441  12.8661 1.11288
321.179  30.903  12.8696 1.1218
322.939  31.3671  12.8735 1.13069
324.707  31.8364  12.877 1.13957
326.484  32.3109  12.8806 1.14843
328.27  32.7907  12.8841 1.15728
330.065  33.2758  12.8874 1.1661
331.868  33.7662  12.8909 1.17489
333.681  34.2619  12.8939 1.18367
335.502  34.763  12.8971 1.19242
337.333  35.2694  12.9001 1.20115
339.172  35.7813  12.903 1.20985
341.021  36.2986  12.9057 1.21853
342.879  36.8213  12.9083 1.22717
344.745  37.3496  12.911 1.23579
346.622  37.8833  12.9136 1.24438
348.507  38.4226  12.916 1.25294
350.402  38.9674  12.9184 1.26147
352.306  39.5178  12.9204 1.26996
354.219  40.0737  12.9225 1.27842
356.142  40.6353  12.9246 1.28685
358.075  41.2026  12.9263 1.29524
360.017  41.7755  12.9284 1.3036
361.969  42.354  12.9299 1.31192
363.93  42.9383  12.9317 1.32021
365.901  43.5283  12.9328 1.32845
367.882  44.1241  12.9343 1.33666
369.873  44.7256  12.9355 1.34483
371.873  45.3329  12.9367 1.35295
373.884  45.946  12.9379 1.36104
375.904  46.5649  12.9387 1.36909
377.935  47.1896  12.9396 1.37709
379.975  47.8203  12.9402 1.38505
382.026  48.4568  12.9408 1.39297
384.086  49.0991  12.9414 1.40084
386.157  49.7475  12.9417 1.40867
388.238  50.4017  12.942 1.41646
390.33  51.0619  12.9423 1.4242
392.432  51.728  12.9423 1.43189
394.544  52.4002  12.9423 1.43954
396.667  53.0783  12.942 1.44713
398.8  53.7625  12.942 1.45469
400.944  54.4527  12.9414 1.46219
403.098  55.1489  12.9411 1.46965
405.263  55.8512  12.9405 1.47705
407.439  56.5596  12.9399 1.48441
409.625  57.2741  12.939 1.49172
411.822  57.9947  12.9382 1.49898
414.031  58.7215  12.9373 1.50618
416.25  59.4543  12.9361 1.51334
418.48  60.1934  12.9349 1.52045
420.721  60.9386  12.9337 1.5275
422.973  61.69  12.9322 1.53451
425.236  62.4476  12.9308 1.54146
427.51  63.2114  12.9293 1.54836
429.796  63.9815  12.9275 1.5552
432.093  64.7578  12.9257 1.562
434.401  65.5403  12.924 1.56874
436.721  66.3291  12.9219 1.57543
439.052  67.1243  12.9198 1.58207
441.394  67.9257  12.9178 1.58865
443.748  68.7334  12.9154 1.59518
446.114  69.5474  12.9131 1.60166
448.491  70.3678  12.9107 1.60808
450.88  71.1946  12.908 1.61445
453.281  72.0277  12.9054 1.62077
455.694  72.8672  12.9027 1.62703
458.118  73.713  12.9001 1.63324
460.554  74.5653  12.8971 1.63939
463.002  75.424  12.8942 1.64549
465.463  76.2891  12.8909 1.65154
467.935  77.1607  12.8879 1.65753
470.42  78.0387  12.8847 1.66347
472.916  78.9232  12.8815 1.66936
475.425  79.8141  12.8779 1.67519
477.946  80.7115  12.8744 1.68096
480.48  81.6155  12.8708 1.68669
483.026  82.5259  12.8673 1.69236
485.584  83.4429  12.8634 1.69797
488.155  84.3664  12.8596 1.70353
490.738  85.2964  12.8558 1.70904
493.334  86.233  12.8519 1.7145
495.943  87.1762  12.8478 1.7199
498.564  88.126  12.8436 1.72524
501.198  89.0823  12.8395 1.73054
503.845  90.0453  12.8351 1.73578
506.505  91.0148  12.831 1.74097
509.178  91.991  12.8265 1.74611
511.864  92.9738  12.8218 1.75119
514.563  93.9633  12.8174 1.75622
517.275  94.9595  12.8126 1.7612
520  95.9623  12.8082 1.76612
522.738  96.9718  12.8032 1.771
525.49  97.9879  12.7985 1.77582
528.255  99.0108  12.7937 1.78059
531.033  100.04  12.7887 1.78531
533.825  101.077  12.7837 1.78998
536.63  102.12  12.7787 1.7946
539.449  103.17  12.7734 1.79916
542.281  104.226  12.7683 1.80368
545.127  105.29  12.763 1.80814
547.987  106.36  12.7577 1.81256
550.861  107.437  12.7521 1.81693
553.748  108.52  12.7468 1.82124
556.649  109.611  12.7412 1.82551
559.564  110.708  12.7359 1.82973
562.494  111.813  12.7302 1.83389
565.437  112.924  12.7243 1.83801
568.394  114.042  12.7187 1.84208
571.366  115.166  12.7131 1.84611
574.352  116.298  12.7072 1.85008
577.352  117.437  12.7013 1.85401
580.366  118.582  12.6954 1.85789
583.395  119.735  12.6895 1.86173
586.438  120.894  12.6833 1.86551
589.496  122.06  12.6774 1.86925
592.569  123.233  12.6712 1.87295
595.656  124.414  12.665 1.87659
598.757  125.601  12.6588 1.8802
601.874  126.795  12.6526 1.88375
605.005  127.996  12.6464 1.88726
608.151  129.204  12.6399 1.89073
611.312  130.42  12.6337 1.89415
614.488  131.642  12.6272 1.89753
617.679  132.871  12.6207 1.90087
620.886  134.107  12.6142 1.90416
624.107  135.351  12.6077 1.90741
627.343  136.601  12.6012 1.91061
630.595  137.859  12.5944 1.91377
633.862  139.124  12.5879 1.91689
637.145  140.396  12.5811 1.91997
640.443  141.675  12.5743 1.923
643.756  142.961  12.5675 1.926
647.085  144.254  12.5607 1.92895
650.43  145.554  12.5539 1.93186
653.791  146.862  12.5471 1.93473
657.167  148.177  12.5404 1.93756
660.559  149.499  12.5333 1.94035
663.966  150.828  12.5265 1.94311
667.39  152.165  12.5194 1.94582
670.83  153.508  12.5123 1.94849
674.286  154.859  12.5052 1.95112
677.757  156.218  12.4981 1.95372
681.245  157.583  12.491 1.95628
684.75  158.956  12.4839 1.9588
688.27  160.336  12.4769 1.96128
691.807  161.724  12.4698 1.96372
695.36  163.119  12.4624 1.96613
698.93  164.521  12.4553 1.9685
702.516  165.93  12.4479 1.97083
706.119  167.347  12.4405 1.97313
709.739  168.772  12.4334 1.97539
713.375  170.203  12.4261 1.97762
717.028  171.642  12.4187 1.97981
720.698  173.089  12.4113 1.98197
724.385  174.543  12.4039 1.98409
728.088  176.004  12.3965 1.98618
731.809  177.473  12.3891 1.98823
735.547  178.95  12.3815 1.99025
739.302  180.434  12.3741 1.99224
743.074  181.925  12.3667 1.99419
746.863  183.424  12.359 1.99611
750.67  184.931  12.3516 1.998
754.494  186.445  12.344 1.99986
758.335  187.967  12.3363 2.00168
762.194  189.496  12.3289 2.00347
766.071  191.033  12.3212 2.00524
769.965  192.577  12.3135 2.00697
773.877  194.129  12.3059 2.00866
777.807  195.689  12.2982 2.01033
781.755  197.256  12.2908 2.01197
785.72  198.832  12.2831 2.01358
789.703  200.414  12.2754 2.01515
793.705  202.005  12.2675 2.0167
797.724  203.603  12.2598 2.01822
801.762  205.209  12.2521 2.01971
805.818  206.823  12.2444 2.02117
809.892  208.444  12.2368 2.02261
813.984  210.073  12.2288 2.02401
818.095  211.711  12.2211 2.02539
822.224  213.355  12.2134 2.02674
826.372  215.008  12.2055 2.02806
830.538  216.669  12.1978 2.02935
834.723  218.337  12.1901 2.03062
838.927  220.013  12.1821 2.03186
843.15  221.698  12.1744 2.03308
847.391  223.39  12.1665 2.03426
851.651  225.09  12.1588 2.03543
855.93  226.798  12.1508 2.03656
860.229  228.514  12.1428 2.03767
864.546  230.238  12.1352 2.03876
868.882  231.969  12.1272 2.03982
873.238  233.709  12.1195 2.04086
877.613  235.457  12.1115 2.04187
882.008  237.213  12.1036 2.04286
886.421  238.977  12.0959 2.04382
890.855  240.749  12.0879 2.04476
895.308  242.53  12.0799 2.04568
899.78  244.318  12.072 2.04657
904.272  246.114  12.0643 2.04744
908.784  247.919  12.0563 2.04829
913.316  249.732  12.0483 2.04912
917.867  251.553  12.0404 2.04992
922.439  253.382  12.0324 2.0507
927.031  255.219  12.0247 2.05146
931.642  257.064  12.0167 2.0522
936.274  258.918  12.0088 2.05291
940.926  260.78  12.0008 2.0536
945.599  262.651  11.9928 2.05428
950.291  264.529  11.9851 2.05493
955.004  266.416  11.9772 2.05556
959.738  268.312  11.9692 2.05617
964.492  270.215  11.9612 2.05676
969.267  272.127  11.9532 2.05733
974.062  274.048  11.9456 2.05788
978.878  275.976  11.9376 2.05841
983.715  277.914  11.9296 2.05893
988.573  279.859  11.9216 2.05942
993.452  281.813  11.9137 2.05989
998.352  283.776  11.9057 2.06035
1003.27  285.747  11.898 2.06078
1008.22  287.727  11.89 2.0612
1013.18  289.715  11.8821 2.0616
1018.16  291.712  11.8741 2.06198
1023.17  293.717  11.8664 2.06234
1028.2  295.731  11.8584 2.06269
1033.25  297.753  11.8505 2.06302
1038.32  299.785  11.8425 2.06333
1043.41  301.824  11.8348 2.06362
1048.52  303.873  11.8268 2.0639
1053.66  305.93  11.8189 2.06416
1058.82  307.996  11.8112 2.0644
1063.99  310.07  11.8032 2.06463
1069.2  312.154  11.7952 2.06484
1074.42  314.246  11.7876 2.06503
1079.66  316.346  11.7796 2.06521
1084.93  318.456  11.7716 2.06537
1090.22  320.575  11.7639 2.06552
1095.54  322.702  11.756 2.06565
1100.87  324.838  11.7483 2.06576
1106.23  326.983  11.7403 2.06586
1111.61  329.137  11.7326 2.06595
1117.01  331.3  11.7247 2.06602
1122.43  333.472  11.717 2.06608
1127.88  335.653  11.709 2.06612
1133.35  337.843  11.7013 2.06615
1138.85  340.041  11.6937 2.06616
1144.36  342.249  11.6857 2.06616
1149.9  344.466  11.678 2.06614
1155.47  346.692  11.67 2.06611
1161.05  348.927  11.6624 2.06607
1166.66  351.171  11.6547 2.06602
1172.29  353.424  11.647 2.06595
1177.95  355.687  11.639 2.06587
1183.63  357.958  11.6313 2.06577
1189.33  360.239  11.6237 2.06566
1195.06  362.529  11.616 2.06554
1200.81  364.828  11.6083 2.06541
1206.58  367.136  11.6006 2.06526
1212.38  369.454  11.593 2.0651
1218.2  371.781  11.5853 2.06493
1224.05  374.117  11.5776 2.06475
1229.92  376.463  11.5699 2.06456
1235.81  378.818  11.5622 2.06435
1241.73  381.182  11.5546 2.06413
1247.67  383.556  11.5469 2.0639
1253.64  385.939  11.5392 2.06366
1259.63  388.332  11.5315 2.06341
1265.64  390.734  11.5238 2.06315
1271.68  393.146  11.5165 2.06287
1277.75  395.567  11.5088 2.06259
1283.84  397.997  11.5011 2.06229
1289.95  400.438  11.4937 2.06199
1296.09  402.887  11.486 2.06167
1302.25  405.347  11.4784 2.06134
1308.44  407.816  11.471 2.061
1314.66  410.294  11.4633 2.06066
1320.9  412.782  11.4559 2.0603
1327.16  415.28  11.4482 2.05993
1333.45  417.788  11.4409 2.05955
1339.77  420.305  11.4335 2.05917
1346.11  422.833  11.4258 2.05877
1352.47  425.37  11.4184 2.05836
1358.87  427.916  11.411 2.05794
1365.28  430.473  11.4034 2.05752
1371.73  433.039  11.396 2.05708
1378.19  435.615  11.3886 2.05664
1384.69  438.201  11.3812 2.05619
1391.21  440.797  11.3738 2.05573
1397.76  443.403  11.3664 2.05526
1404.33  446.019  11.3591 2.05478
1410.93  448.645  11.3517 2.05429
1417.56  451.281  11.3443 2.05379
1424.21  453.927  11.3369 2.05329
1430.89  456.583  11.3295 2.05278
1437.59  459.249  11.3221 2.05226
1444.32  461.925  11.3151 2.05173
1451.08  464.611  11.3077 2.05119
1457.87  467.308  11.3003 2.05064
1464.68  470.014  11.2932 2.05009
1471.52  472.731  11.2858 2.04953
1478.38  475.458  11.2784 2.04896
1485.27  478.195  11.2713 2.04839
1492.19  480.943  11.264 2.04781
1499.14  483.701  11.2569 2.04721
1506.12  486.469  11.2498 2.04662
1513.12  489.247  11.2424 2.04601
1520.15  492.036  11.2353 2.0454
1527.2  494.835  11.2282 2.04478
1534.29  497.644  11.2208 2.04416
1541.4  500.464  11.2138 2.04352
1548.54  503.295  11.2067 2.04288
1555.71  506.136  11.1996 2.04224
1562.9  508.987  11.1925 2.04159
1570.13  511.849  11.1854 2.04093
1577.38  514.721  11.1783 2.04026
1584.66  517.604  11.1712 2.03959
1591.97  520.498  11.1641 2.03891
1599.3  523.402  11.1571 2.03823
1606.67  526.317  11.15 2.03754
1614.06  529.243  11.1432 2.03684
1621.48  532.179  11.1361 2.03614
1628.93  535.126  11.129 2.03543
1636.41  538.084  11.1222 2.03472
1643.92  541.052  11.1151 2.034
1651.46  544.032  11.108 2.03327
1659.02  547.022  11.1012 2.03254
1666.62  550.023  11.0941 2.0318
1674.24  553.035  11.0874 2.03106
1681.89  556.057  11.0806 2.03031
1689.58  559.091  11.0735 2.02956
1697.29  562.136  11.0667 2.0288
1705.03  565.191  11.0599 2.02804
1712.8  568.258  11.0531 2.02727
1720.6  571.335  11.0463 2.0265
1728.43  574.424  11.0395 2.02572
1736.29  577.524  11.0324 2.02494
1744.18  580.635  11.0256 2.02415
1752.1  583.757  11.0191 2.02336
1760.05  586.89  11.0123 2.02256
1768.03  590.034  11.0056 2.02176
1776.04  593.19  10.9988 2.02095
1784.08  596.357  10.992 2.02014
1792.15  599.535  10.9852 2.01932
1800.25  602.724  10.9787 2.0185
1808.38  605.924  10.9719 2.01768
1816.55  609.136  10.9654 2.01685
1824.74  612.36  10.9586 2.01602
1832.96  615.594  10.9521 2.01518
1841.22  618.841  10.9453 2.01434
1849.5  622.098  10.9388 2.01349
1857.82  625.367  10.932 2.01265
1866.17  628.648  10.9255 2.01179
1874.55  631.94  10.919 2.01093
1882.96  635.243  10.9125 2.01007
1891.4  638.558  10.9057 2.00921
1899.87  641.885  10.8992 2.00834
1908.38  645.224  10.8927 2.00747
1916.91  648.574  10.8862 2.00659
1925.48  651.935  10.8797 2.00571
1934.08  655.309  10.8732 2.00483
1942.71  658.694  10.867 2.00395
1951.37  662.091  10.8605 2.00306
1960.07  665.5  10.8541 2.00216
1968.8  668.92  10.8476 2.00127
1977.56  672.353  10.8414 2.00037
1986.35  675.797  10.8349 1.99946
1995.17  679.253  10.8284 1.99856
2004.03  682.721  10.8222 1.99765
2012.92  686.201  10.8157 1.99674
2021.84  689.693  10.8095 1.99582
2030.8  693.197  10.803 1.99491
2039.78  696.713  10.7968 1.99398
2048.8  700.242  10.7906 1.99306
2057.86  703.782  10.7841 1.99213
2066.94  707.334  10.7779 1.9912
2076.06  710.899  10.7717 1.99027
2085.22  714.475  10.7655 1.98934
2094.4  718.064  10.7593 1.9884
2103.62  721.665  10.753 1.98746
2112.88  725.279  10.7468 1.98652
2122.16  728.904  10.7406 1.98557
2131.48  732.542  10.7344 1.98462
2140.84  736.193  10.7282 1.98367
2150.23  739.855  10.7223 1.98272
2159.65  743.531  10.7161 1.98177
2169.1  747.218  10.7099 1.98081
2178.59  750.918  10.704 1.97985
2188.12  754.631  10.6978 1.97889
2197.68  758.356  10.6916 1.97792
2207.27  762.093  10.6857 1.97696
