6.877175340000000e-15  6.405738200000000e-12  5.257691250000000e-22  2.813409263734177e-09  9.314490155962446e+02
1.006288100000000e-14  9.352082889999999e-12  8.815042570000000e-21  2.186617134833556e-09  9.293643538878222e+02
1.472429720000000e-14  1.369951900000000e-11  1.647447520000000e-20  5.520344712950038e-09  9.304022345103491e+02
2.154501570000000e-14  2.003968630000000e-11  5.067567530000000e-20  1.111130581814773e-08  9.301309699521673e+02
3.152528740000000e-14  2.933007890000000e-11  1.638374650000000e-19  1.865468399862667e-08  9.303667462786545e+02
4.612870830000000e-14  4.298524340000000e-11  4.391424200000000e-19  2.761581259055408e-08  9.318544876562785e+02
6.749685430000000e-14  6.303537280000000e-11  1.021911300000000e-18  3.932671153947875e-08  9.339009125038779e+02
9.876334090000000e-14  9.241358550000000e-11  2.205499440000000e-18  5.742756293366193e-08  9.357073876132864e+02
1.445133640000000e-13  1.353336070000000e-10  4.713266210000000e-18  8.678728104201390e-08  9.364781772934592e+02
2.114561160000000e-13  1.979044060000000e-10  1.032264330000000e-17  1.320617547730763e-07  9.359124723668115e+02
3.094086780000000e-13  2.891328440000000e-10  2.286928370000000e-17  1.971152375917903e-07  9.344691581962795e+02
4.527356880000000e-13  4.222534810000000e-10  5.038633290000000e-17  2.835888055634252e-07  9.326711866954321e+02
6.624558950000000e-13  6.167718990000000e-10  1.085368820000000e-16  3.915111790099320e-07  9.310385977271467e+02
9.693245410000000e-13  9.014808160000000e-10  2.254117050000000e-16  5.236542195305331e-07  9.300095100054884e+02
1.418343580000000e-12  1.318451940000000e-09  4.529170090000000e-16  6.882544663325680e-07  9.295719397672382e+02
2.075361170000000e-12  1.929162820000000e-09  8.890036259999999e-16  9.000259595644802e-07  9.295556536810534e+02
3.036728230000000e-12  2.823520870000000e-09  1.721210840000000e-15  1.183807070368383e-06  9.297910044491666e+02
4.443428190000000e-12  4.132867060000000e-09  3.319045120000000e-15  1.578137870214019e-06  9.301085113395566e+02
6.501752070000000e-12  6.048824320000000e-09  6.436395800000000e-15  2.123900631335279e-06  9.303385750905447e+02
9.513550860000001e-12  8.851168150000001e-09  1.261723720000000e-14  2.845174522166043e-06  9.303761442483318e+02
1.392050160000000e-11  1.295045620000000e-08  2.478161980000000e-14  3.759262088618311e-06  9.303171217350243e+02
2.036887870000000e-11  1.894883530000000e-08  4.824475860000000e-14  4.911442286541495e-06  9.302860419488187e+02
2.980432990000000e-11  2.772650080000000e-08  9.293535120000000e-14  6.384838769847476e-06  9.302874390526459e+02
4.361055380000000e-11  4.056848160000000e-08  1.778783000000000e-13  8.272821201581557e-06  9.302486655947945e+02
6.381221809999999e-11  5.935453970000000e-08  3.391033200000000e-13  1.065954292217494e-05  9.301491245815197e+02
9.337187500000000e-11  8.684202150000000e-08  6.431535690000000e-13  1.364009560243928e-05  9.300730509435416e+02
1.366244160000000e-10  1.270734380000000e-07  1.211998890000000e-12  1.735023097610456e-05  9.301020543713795e+02
1.999127800000000e-10  1.859599570000000e-07  2.270091640000000e-12  2.194681558418307e-05  9.302168030059909e+02
2.925181370000000e-10  2.721418200000000e-07  4.230194880000000e-12  2.752446057132433e-05  9.303561583768735e+02
4.280209610000000e-10  3.982507480000000e-07  7.833051110000000e-12  3.409856671772270e-05  9.304651345126764e+02
6.262925950000000e-10  5.827488730000000e-07  1.435572430000000e-11  4.192132317945919e-05  9.304967572294224e+02
9.164093590000000e-10  8.526285319999999e-07  2.600214100000000e-11  5.184980507376178e-05  9.304297536544473e+02
1.340916560000000e-09  1.247471860000000e-06  4.700417010000000e-11  6.425653191523286e-05  9.303478690501815e+02
1.962067730000000e-09  1.825334560000000e-06  8.572862740000000e-11  7.644980755898894e-05  9.303553902430268e+02
2.870954000000000e-09  2.671085190000000e-06  1.545053570000000e-10  8.597686065899148e-05  9.304362575495810e+02
4.200862560000000e-09  3.908524130000000e-06  2.624878290000000e-10  9.835778228715611e-05  9.304723879919081e+02
6.146823070000000e-09  5.719173450000000e-06  4.365048030000000e-10  1.183815938028140e-04  9.304985501726831e+02
8.994208519999999e-09  8.369769510000000e-06  7.676505050000000e-10  1.411479388328580e-04  9.306585612165684e+02
1.316058490000000e-08  1.224922650000000e-05  1.337689630000000e-09  1.637558219484051e-04  9.308525633712526e+02
1.925694680000000e-08  1.792456150000000e-05  2.284863740000000e-09  1.889085433655797e-04  9.309287993535921e+02
2.817731910000000e-08  2.622328340000000e-05  3.895975170000000e-09  2.172353654466793e-04  9.307904446867693e+02
4.122986470000000e-08  3.836731950000000e-05  6.609468030000000e-09  2.504324850276245e-04  9.307313823911238e+02
6.032872520000000e-08  5.615318810000000e-05  1.112492420000000e-08  2.916122624354423e-04  9.309713215057295e+02
8.827472799999999e-08  8.217704080000000e-05  1.894782330000000e-08  3.270601554680807e-04  9.311383958418994e+02
1.291661240000000e-07  1.202416410000000e-04  3.225091750000000e-08  3.550105276099419e-04  9.311566236786666e+02
1.889995920000000e-07  1.760170220000000e-04  5.127435330000000e-08  3.991773405834283e-04  9.315802986140839e+02
2.765496450000000e-07  2.575238090000000e-04  8.473300910000000e-08  4.652717945253504e-04  9.315092124204317e+02
4.046554040000000e-07  3.768255110000000e-04  1.415395900000000e-07  5.089982768795080e-04  9.315754759820285e+02
5.921034400000000e-07  5.514135930000000e-04  2.396595110000000e-07  5.400668818618887e-04  9.316839174435466e+02
8.663828040000000e-07  8.073182350000000e-04  3.611410030000000e-07  6.173051616085368e-04  9.322430827043517e+02
1.267716270000000e-06  1.181077880000000e-03  6.111748349999999e-07  7.166335882583596e-04  9.321400086117060e+02
1.854958950000000e-06  1.728783490000000e-03  1.012996900000000e-06  8.023096363402300e-04  9.325254809008037e+02
2.714229350000000e-06  2.530064250000000e-03  1.675872650000000e-06  8.942270199542205e-04  9.327657305931056e+02
3.971538540000000e-06  3.704002120000000e-03  2.722985870000000e-06  1.007327917898491e-03  9.333222046159473e+02
5.811269550000000e-06  5.422732570000000e-03  4.525088210000000e-06  1.108490745142107e-03  9.339194493585313e+02
8.503216949999999e-06  7.933132390000000e-03  7.401475510000000e-06  1.188407017951474e-03  9.338270341920420e+02
1.244215190000000e-05  1.161366880000000e-02  1.176528760000000e-05  1.305732156858613e-03  9.343587975002940e+02
1.820571490000000e-05  1.700369730000000e-02  1.878011050000000e-05  1.455447779540018e-03  9.350073591726958e+02
2.663912630000000e-05  2.487976910000000e-02  3.092842620000000e-05  1.607157307671236e-03  9.351169120813095e+02
3.897913680000000e-05  3.643546990000000e-02  4.919662510000000e-05  1.758918059514722e-03  9.360049893434276e+02
5.703539530000000e-05  5.332333610000000e-02  8.054522240000000e-05  1.906059704701213e-03  9.363287664002568e+02
8.345583280000000e-05  7.811012800000000e-02  1.271488100000000e-04  2.061971596304155e-03  9.374692479253530e+02
1.221149780000000e-04  1.143914030000000e-01  2.047265170000000e-04  2.039359615682506e-03  9.384281223634990e+02
1.786821520000000e-04  1.674246320000000e-01  3.230233560000000e-04  1.600802669757373e-03  9.388047629737524e+02
2.614528700000000e-04  2.451195620000000e-01  4.422022210000000e-04  1.162815686349219e-03  9.392199986980445e+02
3.825653680000000e-04  3.590197680000000e-01  5.162210550000000e-04  1.106677331286199e-03  9.398027608578516e+02
5.597806630000000e-04  5.254093320000000e-01  7.461468929999999e-04  1.095131073457790e-03  9.399315011583384e+02
8.190871850000000e-04  7.693261770000001e-01  1.002546250000000e-03  9.753900128112598e-04  9.404721955819635e+02
1.198511960000000e-03  1.126512170000000e+00  1.327992040000000e-03  9.196925027489675e-04  9.410337148742345e+02
1.753697210000000e-03  1.649067030000000e+00  1.784101810000000e-03  9.951297421676979e-04  9.413547118604357e+02
2.566060250000000e-03  2.413688200000000e+00  2.541885120000000e-03  1.193349379865733e-03  9.416108156930454e+02
3.754733250000000e-03  3.533206730000000e+00  3.896861530000000e-03  1.503893956503460e-03  9.420385833081484e+02
5.494033810000000e-03  5.172791210000000e+00  6.447989870000000e-03  1.908953616623377e-03  9.427024621586738e+02
8.039028480000000e-03  7.570887920000000e+00  1.121206980000000e-02  2.393597512737900e-03  9.431612300744082e+02
1.176293800000000e-02  1.108433420000000e+01  1.993669450000000e-02  2.959651699404073e-03  9.440048816460650e+02
1.721186960000000e-02  1.623544830000000e+01  3.572154050000000e-02  3.635057168378583e-03  9.453458699512807e+02
2.518490320000000e-02  2.378098950000000e+01  6.395848899999999e-02  4.508004095003215e-03  9.467953003289686e+02
3.685127550000000e-02  3.483353870000000e+01  1.148897000000000e-01  5.757041670280567e-03  9.483641454961306e+02
5.392184750000000e-02  5.103987660000000e+01  2.100938510000000e-01  7.034778110326960e-03  9.504490819050665e+02
6.289724597956749e-02  5.938290766278306e+01  4.041350279369035e-01  2.063305170253105e-02  9.505510422754196e+02
6.581670670406957e-02  6.215934479681393e+01  4.636180227041908e-01  2.237659396998186e-02  9.514751796927152e+02
6.882513832989276e-02  6.502326901109481e+01  5.300790839614387e-01  2.419964266482669e-02  9.524622789742523e+02
7.192387630904794e-02  6.797632068407606e+01  6.041054888992755e-01  2.610204000359218e-02  9.535140442710695e+02
7.511425609354591e-02  7.102016692644463e+01  6.863152469775753e-01  2.808378714252225e-02  9.546321285344274e+02
7.839761313539753e-02  7.415650255832361e+01  7.773586925000993e-01  3.014512916404753e-02  9.558181462084888e+02
8.177528288661361e-02  7.738705114858185e+01  8.779204984087738e-01  3.228664593819922e-02  9.570736888584755e+02
8.524860079920499e-02  8.071356611758297e+01  9.887221669676151e-01  3.450934380255939e-02  9.584003434761397e+02
8.881890232518252e-02  8.413783192429544e+01  1.110525067017214e+00  3.681474686202335e-02  9.597997133663722e+02
9.248752291655700e-02  8.766166535843311e+01  1.244134083193718e+00  3.920498599730097e-02  9.612734414292756e+02
9.625579802533930e-02  9.128691695957738e+01  1.390401937539290e+00  4.168288292056200e-02  9.628232355846687e+02
1.001250631035403e-01  9.501547258631099e+01  1.550234236744090e+00  4.425202055112730e-02  9.644508960203559e+02
1.040966536031707e-01  9.884925515459238e+01  1.724595284956116e+00  4.686726993490339e-02  9.661583438461400e+02
1.081719049762414e-01  1.027902263327468e+02  1.914514503871616e+00  4.925794009552523e-02  9.679476489646923e+02
1.123521526747633e-01  1.068403805852447e+02  2.119552797977096e+00  5.118309536124638e-02  9.698072633211623e+02
1.166387321507472e-01  1.110015711807267e+02  2.335013612202152e+00  5.297346582844022e-02  9.716891044277143e+02
1.210329788562038e-01  1.152756591178561e+02  2.564915263401186e+00  5.509256901673905e-02  9.736236815354009e+02
1.255362282431441e-01  1.196646231358682e+02  2.811377408927523e+00  5.756204383375312e-02  9.756227528822430e+02
1.301498157635790e-01  1.241705114225370e+02  3.076126630357682e+00  6.026561733548030e-02  9.776935705636387e+02
1.348750768695191e-01  1.287954335281100e+02  3.360854090594565e+00  6.317603812549030e-02  9.798421673813905e+02
1.397133470129754e-01  1.335415606313307e+02  3.667315954854686e+00  6.628962664993329e-02  9.820742223131747e+02
1.446659616459586e-01  1.384111280378848e+02  3.997380585836526e+00  6.961126270476617e-02  9.843954101954695e+02
1.497342562204797e-01  1.434064389101963e+02  4.353058111459843e+00  7.314999865767702e-02  9.868115739761298e+02
1.549195661885495e-01  1.485298687883274e+02  4.736522458885656e+00  7.691714516314904e-02  9.893288179290503e+02
1.602232270021788e-01  1.537838706882099e+02  5.150129405055350e+00  8.092519870210758e-02  9.919535582905027e+02
1.656465741133784e-01  1.591709806484839e+02  5.596431992244342e+00  8.518710789484527e-02  9.946925469797422e+02
1.711909429741592e-01  1.646938236344307e+02  6.078193660706620e+00  8.971568855478290e-02  9.975528751845648e+02
1.768576690365320e-01  1.703551197073754e+02  6.598399278178514e+00  9.452310156897956e-02  1.000541961440612e+03
1.826480877525076e-01  1.761576903840008e+02  7.160263652207252e+00  9.962035609452372e-02  1.003667524780521e+03
1.885635345740969e-01  1.821044650902489e+02  7.767237338410629e+00  1.050168265337980e-01  1.006937544847805e+03
1.946053449533106e-01  1.881984876147801e+02  8.423009309361472e+00  1.107197792011177e-01  1.010360209359744e+03
2.007748543421597e-01  1.944429224561042e+02  9.131506092430685e+00  1.167339128755639e-01  1.013943849626716e+03
2.070733981926550e-01  2.008410609499136e+02  9.896886997684026e+00  1.230609242105288e-01  1.017696864921884e+03
2.135023119568073e-01  2.073963270568455e+02  1.072353511161169e+01  1.296991117331534e-01  1.021627636753099e+03
2.200629310866274e-01  2.141122826871006e+02  1.161604382029539e+01  1.366430348391071e-01  1.025744434428581e+03
2.267565910341262e-01  2.209926324378919e+02  1.257919874514847e+01  1.438832454589363e-01  1.030055313695288e+03
2.335846272513145e-01  2.280412276233071e+02  1.361795512244028e+01  1.514061100056249e-01  1.034568010629965e+03
2.405483751902032e-01  2.352620694843773e+02  1.473741082886136e+01  1.591937376821252e-01  1.039289833341918e+03
2.476491703028030e-01  2.426593114802187e+02  1.594277544105475e+01  1.672240281640416e-01  1.044227554366329e+03
2.548883480411248e-01  2.502372605791160e+02  1.723933590639527e+01  1.754708471196774e-01  1.049387306850585e+03
2.622672438571795e-01  2.580003774908738e+02  1.863241958219166e+01  1.839043325925791e-01  1.054774487730014e+03
2.697871932029778e-01  2.659532758081414e+02  2.012735555673543e+01  1.924913273007118e-01  1.060393671027471e+03
2.774495315305307e-01  2.741007200503111e+02  2.172943530954390e+01  2.011959256889650e-01  1.066248534269501e+03
2.852555942918489e-01  2.824476226491872e+02  2.344387371651610e+01  2.099801196067275e-01  1.072341800164501e+03
2.932067169389433e-01  2.909990399094832e+02  2.527577171249468e+01  2.188045164388578e-01  1.078675196212345e+03
3.013042349238247e-01  2.997601670558724e+02  2.723008146697246e+01  2.276291000942998e-01  1.085249432729500e+03
3.095494836985040e-01  3.087363324598467e+02  2.931157517560013e+01  2.364140057260551e-01  1.092064200323086e+03
3.179437987149920e-01  3.179329911826376e+02  3.152481822475540e+01  2.451202755677702e-01  1.099118186373754e+03
3.264885154252994e-01  3.273557179780509e+02  3.387414734329190e+01  2.537105653048961e-01  1.106409109539287e+03
3.351849692814374e-01  3.370101999080501e+02  3.636365412437975e+01  2.621497753454719e-01  1.113933770589931e+03
3.440344957354164e-01  3.469022287256066e+02  3.899717406787438e+01  2.704055861679142e-01  1.121688117335060e+03
3.530384302392474e-01  3.570376931748690e+02  4.177828106969501e+01  2.784488834954097e-01  1.129667321003753e+03
3.621981082449413e-01  3.674225713491215e+02  4.471028708154419e+01  2.862540659288373e-01  1.137865861207416e+03
3.715148652045089e-01  3.780629232325286e+02  4.779624649813073e+01  2.937992343146301e-01  1.146277616554723e+03
3.809900365699611e-01  3.889648835346584e+02  5.103896469949973e+01  3.010662680468846e-01  1.154895958071618e+03
3.906249577933086e-01  4.001346549073381e+02  5.444101009341557e+01  3.080408205833211e-01  1.163713842799009e+03
4.004209643265623e-01  4.115785016133660e+02  5.800472896106930e+01  3.147121544804818e-01  1.172723905252352e+03
4.103793916217330e-01  4.233027580418278e+02  6.173226883670397e+01  3.210729209446377e-01  1.181918560471720e+03
4.205015751308317e-01  4.353137666930066e+02  6.562557140844299e+01  3.271190397888323e-01  1.191290023305022e+03
4.307888503058690e-01  4.476179575352683e+02  6.968642959727701e+01  3.328493912866554e-01  1.200830476895404e+03
4.412425525988558e-01  4.602217883663912e+02  7.391648201196969e+01  3.382653936967849e-01  1.210532078123580e+03
4.518640174618030e-01  4.731317548501844e+02  7.831723843881277e+01  3.433707254906345e-01  1.220387032785042e+03
4.626545803467214e-01  4.863543873623552e+02  8.289009856645626e+01  3.481710324446933e-01  1.230387647329243e+03
4.736155767056219e-01  4.998962483202175e+02  8.763636985094982e+01  3.526735947118587e-01  1.240526372798813e+03
4.847483419905152e-01  5.137639299619824e+02  9.255728430426747e+01  3.568870279662859e-01  1.250795841315284e+03
4.960542116534122e-01  5.279640525382285e+02  9.765401405939677e+01  3.608210060806166e-01  1.261188895597326e+03
5.075345211463239e-01  5.425032628765500e+02  1.029276856254312e+02  3.644860086251384e-01  1.271698612090745e+03
5.191906059212608e-01  5.573882332802576e+02  1.083793927965884e+02  3.678930952644046e-01  1.282318318343102e+03
5.310238014302340e-01  5.726256607228082e+02  1.140102082197230e+02  3.710537065342955e-01  1.293041605276614e+03
5.430354431252543e-01  5.882222672083273e+02  1.198211940297728e+02  3.739794905807653e-01  1.303862335695693e+03
5.552268664583324e-01  6.041847971540782e+02  1.258134099164251e+02  3.766821572319378e-01  1.314774646493309e+03
5.675994068814793e-01  6.205200188366878e+02  1.319879216231111e+02  3.791733557605783e-01  1.325772950670015e+03
5.801543998467056e-01  6.372347245373431e+02  1.383458077706175e+02  3.814645723051834e-01  1.336851935474178e+03
5.928931808060224e-01  6.543357304198998e+02  1.448881654682249e+02  3.835670474847864e-01  1.348006557948258e+03
6.058170852114403e-01  6.718298768068206e+02  1.516161152150168e+02  3.854917120224982e-01  1.359232039049849e+03
6.189274485149704e-01  6.897240285596757e+02  1.585308049485045e+02  3.872491369583713e-01  1.370523856301663e+03
6.322256061686232e-01  7.080250755295002e+02  1.656334133905106e+02  3.888494970275860e-01  1.381877735411864e+03
6.457128936244100e-01  7.267399330655913e+02  1.729251527569786e+02  3.903025452585743e-01  1.393289641119887e+03
6.593906463343411e-01  7.458755425687065e+02  1.804072709109375e+02  3.916175969505790e-01  1.404755767511977e+03
6.732601997504277e-01  7.654388720770297e+02  1.880810530295644e+02  3.928035213688237e-01  1.416272528008236e+03
6.873228893246806e-01  7.854369168697550e+02  1.959478228690186e+02  3.938687396924091e-01  1.427836545216139e+03
7.015800505091105e-01  8.058767000977628e+02  2.040089436223304e+02  3.948212285164238e-01  1.439444640693644e+03
7.160330187557283e-01  8.267652734018429e+02  2.122658185379250e+02  3.956685274268951e-01  1.451093824902704e+03
7.306831295165448e-01  8.481097175463965e+02  2.207198912259727e+02  3.964177494716020e-01  1.462781287263312e+03
7.455317182435709e-01  8.699171430428839e+02  2.293726457680034e+02  3.970755942958310e-01  1.474504386486090e+03
7.605801203888173e-01  8.921946907661254e+02  2.382256066409913e+02  3.976483631351442e-01  1.486260641197631e+03
7.758296714042950e-01  9.149495325593039e+02  2.472803384913186e+02  3.981419749728825e-01  1.498047720901753e+03
7.912817067420147e-01  9.381888718251827e+02  2.565384457861755e+02  3.985619835347811e-01  1.509863437302801e+03
8.069375618539875e-01  9.619199441015986e+02  2.660015723661904e+02  3.989135947313567e-01  1.521705736007628e+03
8.227985721922239e-01  9.861500176198508e+02  2.756714009197766e+02  3.992016842533588e-01  1.533572688615180e+03
8.388660732087350e-01  1.010886393844896e+03  2.855496523966732e+02  3.994308150853112e-01  1.545462485196309e+03
8.551414003555313e-01  1.036136407996755e+03  2.956380853756277e+02  3.996052547526157e-01  1.557373427161564e+03
8.716258890846239e-01  1.061907429552658e+03  3.059384953988110e+02  3.997289921600298e-01  1.569303920510721e+03
8.883208748480237e-01  1.088206862729821e+03  3.164527142836355e+02  3.998057539146147e-01  1.581252469454927e+03
9.052276930977414e-01  1.115042146948824e+03  3.271826094208702e+02  3.998390200553402e-01  1.593217670400010e+03
9.223476792857876e-01  1.142420757277843e+03  3.381300830664908e+02  3.998320391356106e-01  1.605198206277948e+03
9.396821688641737e-01  1.170350204857964e+03  3.492970716333803e+02  3.997970463762209e-01  1.617192841212327e+03
9.572324972849101e-01  1.198838037310012e+03  3.606855449879321e+02  3.997662290987410e-01  1.629200415502955e+03
