104.554  2.0011  17.236 0.27505
105.272  2.03766  17.1648 0.278546
105.992  2.07427  17.0966 0.282019
106.717  2.11108  17.0313 0.285484
107.445  2.14822  16.9684 0.288951
108.177  2.18572  16.9079 0.292425
108.913  2.22363  16.8491 0.295907
109.653  2.26197  16.7927 0.299399
110.397  2.30076  16.7381 0.302903
111.144  2.34001  16.6849 0.306418
111.896  2.37974  16.6338 0.309946
112.651  2.41996  16.5839 0.313487
113.41  2.46068  16.5358 0.317042
114.173  2.50191  16.4891 0.320611
114.94  2.54368  16.4437 0.324194
115.711  2.58597  16.3996 0.327792
116.485  2.62882  16.3571 0.331404
117.264  2.67222  16.3155 0.335032
118.047  2.71619  16.275 0.338675
118.834  2.76074  16.236 0.342334
119.624  2.80587  16.1976 0.346009
120.419  2.8516  16.1607 0.349699
121.218  2.89794  16.1244 0.353406
122.021  2.9449  16.0893 0.35713
122.828  2.99249  16.055 0.360869
123.639  3.04072  16.0216 0.364626
124.454  3.08959  15.9891 0.3684
125.273  3.13913  15.9575 0.37219
126.096  3.18933  15.9265 0.375998
126.924  3.24022  15.8964 0.379824
127.756  3.29179  15.8669 0.383667
128.592  3.34407  15.8382 0.387527
129.432  3.39706  15.8102 0.391406
130.276  3.45078  15.7827 0.395303
131.125  3.50523  15.7561 0.399218
131.977  3.56043  15.7299 0.403152
132.834  3.61639  15.7045 0.407104
133.696  3.67312  15.6796 0.411075
134.561  3.73063  15.6551 0.415065
135.431  3.78894  15.6312 0.419074
136.306  3.84805  15.6079 0.423102
137.184  3.90798  15.5851 0.42715
138.068  3.96875  15.563 0.431218
138.955  4.03035  15.5411 0.435305
139.847  4.09282  15.5196 0.439413
140.743  4.15616  15.4986 0.443541
141.644  4.22038  15.4782 0.447689
142.549  4.2855  15.4582 0.451857
143.459  4.35153  15.4384 0.456047
144.373  4.41849  15.4192 0.460257
145.292  4.48639  15.4003 0.464489
146.215  4.55524  15.3817 0.468742
147.143  4.62507  15.3634 0.473016
148.075  4.69588  15.3456 0.477312
149.012  4.76768  15.3282 0.48163
149.953  4.84051  15.3111 0.48597
150.899  4.91436  15.2942 0.490333
151.85  4.98926  15.2777 0.494718
152.806  5.06523  15.2615 0.499125
153.766  5.14227  15.2455 0.503556
154.731  5.22041  15.2296 0.508009
155.7  5.29966  15.2142 0.512486
156.675  5.38005  15.1992 0.516987
157.654  5.46158  15.1844 0.521511
158.638  5.54428  15.1696 0.526059
159.626  5.62816  15.1554 0.530631
160.62  5.71324  15.1413 0.535227
161.618  5.79955  15.1274 0.539848
162.621  5.88709  15.1138 0.544494
163.629  5.97589  15.1002 0.549164
164.642  6.06598  15.0869 0.55386
165.66  6.15735  15.0739 0.55858
166.683  6.25005  15.0612 0.563327
167.711  6.34408  15.0485 0.568099
168.744  6.43947  15.0361 0.572897
169.782  6.53625  15.024 0.577721
170.825  6.63442  15.0119 0.582571
171.872  6.73401  15.0001 0.587448
172.925  6.83505  14.9883 0.592351
173.984  6.93755  14.9768 0.597281
175.047  7.04154  14.9656 0.602239
176.115  7.14705  14.9543 0.607223
177.189  7.25408  14.9434 0.612235
178.267  7.36268  14.9325 0.617274
179.351  7.47285  14.9216 0.622341
180.44  7.58463  14.9112 0.627436
181.535  7.69803  14.9006 0.632559
182.634  7.81309  14.8902 0.63771
183.739  7.92983  14.8802 0.64289
184.85  8.04827  14.8702 0.648098
185.965  8.16844  14.8604 0.653335
187.086  8.29037  14.8504 0.6586
188.213  8.41407  14.8409 0.663894
189.344  8.53958  14.8315 0.669218
190.482  8.66693  14.822 0.67457
191.625  8.79613  14.8126 0.679952
192.773  8.92723  14.8034 0.685364
193.926  9.06024  14.7943 0.690804
195.086  9.19519  14.7854 0.696275
196.251  9.33211  14.7765 0.701775
197.421  9.47103  14.7677 0.707305
198.597  9.61199  14.7591 0.712864
199.779  9.75499  14.7506 0.718454
200.966  9.90009  14.7423 0.724074
202.159  10.0473  14.7337 0.729723
203.358  10.1967  14.7255 0.735403
204.563  10.3482  14.7172 0.741112
205.773  10.502  14.7092 0.746852
206.989  10.6579  14.7012 0.752622
208.211  10.8162  14.6933 0.758422
209.439  10.9767  14.6853 0.764252
210.673  11.1396  14.6776 0.770113
211.912  11.3049  14.6699 0.776003
213.158  11.4725  14.6623 0.781923
214.41  11.6426  14.6546 0.787873
215.667  11.8152  14.6472 0.793854
216.931  11.9902  14.6398 0.799864
218.2  12.1678  14.6324 0.805903
219.476  12.3479  14.625 0.811973
220.758  12.5306  14.618 0.818072
222.046  12.716  14.6109 0.8242
223.34  12.904  14.6038 0.830358
224.64  13.0947  14.5967 0.836545
225.947  13.2882  14.5896 0.842761
227.26  13.4844  14.5828 0.849005
228.579  13.6834  14.5757 0.855278
229.905  13.8853  14.5689 0.86158
231.236  14.09  14.5621 0.86791
232.575  14.2977  14.5553 0.874267
233.919  14.5082  14.5489 0.880653
235.27  14.7218  14.5421 0.887066
236.628  14.9384  14.5356 0.893506
237.992  15.158  14.5291 0.899973
239.363  15.3808  14.5226 0.906467
240.74  15.6066  14.5161 0.912987
242.124  15.8356  14.5096 0.919533
243.514  16.0678  14.5034 0.926105
244.912  16.3033  14.4969 0.932701
246.315  16.542  14.4907 0.939323
247.726  16.784  14.4842 0.94597
249.144  17.0294  14.478 0.95264
250.568  17.2782  14.4718 0.959334
251.999  17.5304  14.4656 0.966052
253.437  17.786  14.4594 0.972792
254.882  18.0452  14.4535 0.979555
256.334  18.3078  14.4473 0.98634
257.792  18.5741  14.4411 0.993146
259.258  18.8439  14.4352 0.999973
260.731  19.1174  14.4289 1.00682
262.211  19.3946  14.423 1.01369
263.698  19.6755  14.4171 1.02057
265.193  19.9602  14.4109 1.02748
266.694  20.2487  14.405 1.0344
268.203  20.541  14.3991 1.04135
269.719  20.8371  14.3932 1.0483
271.242  21.1372  14.3873 1.05528
272.773  21.4412  14.3814 1.06227
274.311  21.7492  14.3755 1.06928
275.857  22.0612  14.3696 1.0763
277.41  22.3773  14.3637 1.08333
278.97  22.6975  14.3578 1.09038
280.538  23.0218  14.3519 1.09744
282.114  23.3503  14.346 1.10452
283.697  23.683  14.3401 1.1116
285.288  24.0199  14.3342 1.1187
286.887  24.3611  14.3282 1.1258
288.493  24.7066  14.3223 1.13291
290.107  25.0564  14.3164 1.14004
291.729  25.4107  14.3105 1.14717
293.359  25.7693  14.3049 1.1543
294.997  26.1325  14.299 1.16145
296.643  26.5001  14.2931 1.1686
298.296  26.8722  14.2872 1.17575
299.958  27.2489  14.2813 1.18291
301.628  27.6302  14.2754 1.19007
303.306  28.0162  14.2695 1.19723
304.992  28.4068  14.2633 1.2044
306.686  28.8021  14.2574 1.21156
308.388  29.2021  14.2515 1.21873
310.099  29.6069  14.2456 1.2259
311.818  30.0165  14.2396 1.23306
313.546  30.4309  14.2334 1.24022
315.282  30.8502  14.2275 1.24738
317.026  31.2744  14.2213 1.25454
318.779  31.7036  14.2154 1.26169
320.54  32.1377  14.2092 1.26883
322.31  32.5768  14.2033 1.27597
324.089  33.0209  14.1971 1.2831
325.876  33.4701  14.1909 1.29022
327.672  33.9243  14.1847 1.29734
329.477  34.3837  14.1785 1.30445
331.29  34.8483  14.1723 1.31154
333.113  35.318  14.1661 1.31863
334.944  35.793  14.1599 1.3257
336.784  36.2731  14.1537 1.33276
338.633  36.7586  14.1475 1.33981
340.492  37.2494  14.141 1.34684
342.359  37.7454  14.1348 1.35386
344.235  38.2469  14.1283 1.36086
346.121  38.7537  14.1218 1.36785
348.016  39.2659  14.1156 1.37482
349.92  39.7836  14.1091 1.38177
351.833  40.3068  14.1026 1.3887
353.756  40.8354  14.0961 1.39561
355.688  41.3696  14.0893 1.40251
357.63  41.9093  14.0828 1.40938
359.581  42.4546  14.0763 1.41623
361.542  43.0054  14.0695 1.42306
363.512  43.562  14.0627 1.42987
365.492  44.1241  14.0563 1.43665
367.482  44.6919  14.0495 1.44341
369.481  45.2655  14.0427 1.45014
371.491  45.8447  14.0359 1.45685
373.51  46.4297  14.0288 1.46354
375.539  47.0205  14.022 1.47019
377.578  47.6171  14.0152 1.47682
379.626  48.2194  14.0081 1.48342
381.685  48.8277  14.0013 1.48999
383.754  49.4418  13.9942 1.49654
385.834  50.0617  13.9871 1.50305
387.923  50.6876  13.9801 1.50953
390.022  51.3194  13.973 1.51599
392.132  51.9572  13.9656 1.52241
394.252  52.6009  13.9585 1.5288
396.383  53.2506  13.9511 1.53516
398.524  53.9063  13.944 1.54148
400.676  54.5681  13.9366 1.54777
402.838  55.2359  13.9293 1.55403
405.01  55.9098  13.9219 1.56025
407.194  56.5897  13.9145 1.56644
409.388  57.2758  13.9071 1.57259
411.592  57.968  13.8997 1.57871
413.808  58.6664  13.8921 1.58479
416.034  59.3709  13.8844 1.59084
418.271  60.0817  13.877 1.59685
420.52  60.7986  13.8693 1.60282
422.779  61.5217  13.8616 1.60876
425.049  62.2511  13.854 1.61465
427.33  62.9867  13.8463 1.62051
429.623  63.7286  13.8383 1.62633
431.927  64.4768  13.8306 1.63211
434.242  65.2314  13.8226 1.63785
436.568  65.9922  13.815 1.64356
438.906  66.7594  13.807 1.64922
441.255  67.5329  13.799 1.65484
443.615  68.3128  13.791 1.66043
445.988  69.0991  13.7831 1.66597
448.371  69.8918  13.7748 1.67147
450.767  70.6909  13.7668 1.67693
453.174  71.4965  13.7589 1.68235
455.592  72.3085  13.7506 1.68773
458.023  73.127  13.7423 1.69307
460.465  73.952  13.7343 1.69836
462.92  74.7834  13.7261 1.70362
465.386  75.6214  13.7178 1.70883
467.864  76.4659  13.7095 1.714
470.355  77.3169  13.701 1.71912
472.857  78.1745  13.6927 1.72421
475.372  79.0387  13.6841 1.72925
477.899  79.9094  13.6759 1.73425
480.438  80.7868  13.6673 1.73921
482.989  81.6708  13.659 1.74413
485.553  82.5613  13.6505 1.749
488.129  83.4586  13.6419 1.75383
490.718  84.3624  13.6333 1.75861
493.32  85.273  13.6248 1.76336
495.934  86.1902  13.6159 1.76806
498.56  87.1141  13.6074 1.77272
501.2  88.0447  13.5988 1.77733
503.852  88.9821  13.5899 1.7819
506.517  89.9261  13.5814 1.78643
509.195  90.877  13.5725 1.79092
511.886  91.8345  13.5636 1.79536
514.589  92.7989  13.5548 1.79976
517.306  93.77  13.5459 1.80412
520.036  94.7479  13.5371 1.80843
522.78  95.7327  13.5282 1.8127
525.536  96.7242  13.5194 1.81693
528.306  97.7226  13.5105 1.82112
531.089  98.7279  13.5013 1.82526
533.885  99.74  13.4925 1.82937
536.695  100.759  13.4836 1.83342
539.518  101.785  13.4745 1.83744
542.355  102.818  13.4653 1.84142
545.206  103.857  13.4564 1.84535
548.07  104.904  13.4473 1.84924
550.948  105.957  13.4381 1.85309
553.84  107.018  13.429 1.85689
556.746  108.085  13.4198 1.86066
559.665  109.16  13.4107 1.86438
562.599  110.241  13.4015 1.86806
565.546  111.329  13.3924 1.8717
568.508  112.425  13.3832 1.8753
571.484  113.527  13.3738 1.87886
574.474  114.637  13.3646 1.88238
577.478  115.753  13.3554 1.88586
580.497  116.877  13.346 1.8893
583.529  118.007  13.3368 1.89269
586.577  119.145  13.3274 1.89605
589.639  120.29  13.3182 1.89937
592.715  121.442  13.3088 1.90264
595.806  122.601  13.2993 1.90588
598.912  123.767  13.2902 1.90908
602.032  124.94  13.2807 1.91224
605.167  126.121  13.2713 1.91536
608.317  127.308  13.2618 1.91844
611.482  128.503  13.2524 1.92148
614.662  129.705  13.2429 1.92448
617.857  130.914  13.2335 1.92745
621.067  132.131  13.224 1.93038
624.292  133.354  13.2146 1.93327
627.532  134.585  13.2051 1.93612
630.788  135.823  13.1957 1.93893
634.059  137.069  13.1862 1.94171
637.345  138.322  13.1768 1.94445
640.646  139.582  13.1673 1.94716
643.964  140.849  13.1576 1.94982
647.296  142.124  13.1481 1.95245
650.645  143.405  13.1387 1.95505
654.009  144.695  13.1289 1.95761
657.388  145.991  13.1195 1.96013
660.784  147.296  13.11 1.96262
664.195  148.607  13.1003 1.96507
667.623  149.926  13.0908 1.96749
671.066  151.252  13.0814 1.96987
674.525  152.586  13.0716 1.97222
678.001  153.927  13.0622 1.97454
681.492  155.275  13.0524 1.97682
685  156.631  13.043 1.97907
688.524  157.995  13.0332 1.98128
692.065  159.366  13.0238 1.98346
695.622  160.744  13.0141 1.98561
699.195  162.13  13.0046 1.98772
702.785  163.524  12.9949 1.9898
706.391  164.925  12.9854 1.99185
710.014  166.334  12.9757 1.99387
713.654  167.75  12.9662 1.99585
717.311  169.174  12.9565 1.99781
720.984  170.605  12.9467 1.99973
724.675  172.044  12.9373 2.00162
728.382  173.491  12.9275 2.00348
732.106  174.945  12.9181 2.00531
735.848  176.407  12.9083 2.00711
739.606  177.877  12.8989 2.00887
743.382  179.354  12.8891 2.01061
747.175  180.839  12.8794 2.01232
750.985  182.332  12.8699 2.014
754.813  183.833  12.8602 2.01565
758.658  185.341  12.8507 2.01727
762.521  186.857  12.841 2.01886
766.402  188.381  12.8315 2.02042
770.3  189.912  12.8218 2.02196
774.215  191.451  12.8123 2.02347
778.149  192.999  12.8026 2.02494
782.1  194.554  12.7931 2.0264
786.07  196.116  12.7834 2.02782
790.057  197.687  12.774 2.02922
794.062  199.266  12.7642 2.03058
798.085  200.852  12.7548 2.03193
802.127  202.447  12.745 2.03324
806.187  204.049  12.7356 2.03453
810.265  205.659  12.7261 2.0358
814.361  207.277  12.7164 2.03703
818.476  208.904  12.7069 2.03825
822.61  210.538  12.6975 2.03943
826.761  212.18  12.6877 2.0406
830.932  213.83  12.6783 2.04173
835.121  215.488  12.6688 2.04284
839.329  217.155  12.6591 2.04393
843.556  218.829  12.6496 2.04499
847.802  220.512  12.6402 2.04603
852.066  222.202  12.6307 2.04705
856.35  223.901  12.6213 2.04804
860.652  225.608  12.6115 2.04901
864.974  227.322  12.6021 2.04995
869.315  229.046  12.5926 2.05087
873.675  230.777  12.5832 2.05177
878.055  232.516  12.5737 2.05265
882.454  234.264  12.5643 2.0535
886.873  236.02  12.5548 2.05433
891.311  237.784  12.5454 2.05514
895.768  239.557  12.5359 2.05593
900.246  241.337  12.5268 2.05669
904.743  243.126  12.5173 2.05744
909.26  244.924  12.5079 2.05816
913.796  246.729  12.4984 2.05886
918.353  248.543  12.489 2.05954
922.93  250.366  12.4798 2.06021
927.526  252.196  12.4704 2.06085
932.143  254.036  12.4609 2.06147
936.78  255.883  12.4518 2.06207
941.438  257.739  12.4423 2.06265
946.115  259.604  12.4329 2.06321
950.813  261.477  12.4237 2.06375
955.532  263.358  12.4145 2.06427
960.271  265.248  12.4051 2.06477
965.031  267.146  12.3959 2.06526
969.811  269.053  12.3865 2.06572
974.612  270.969  12.3773 2.06617
979.434  272.893  12.3682 2.0666
984.277  274.826  12.3587 2.06701
989.141  276.767  12.3496 2.0674
994.026  278.717  12.3404 2.06777
998.932  280.676  12.3313 2.06813
1003.86  282.643  12.3221 2.06847
1008.81  284.619  12.313 2.06879
1013.78  286.604  12.3038 2.06909
1018.77  288.598  12.2946 2.06938
1023.78  290.6  12.2855 2.06965
1028.81  292.611  12.2763 2.0699
1033.87  294.63  12.2672 2.07014
1038.95  296.659  12.2583 2.07036
1044.05  298.696  12.2492 2.07057
1049.17  300.743  12.24 2.07076
1054.31  302.798  12.2311 2.07093
1059.47  304.862  12.222 2.07109
1064.66  306.935  12.2128 2.07123
1069.87  309.016  12.204 2.07136
1075.1  311.107  12.1948 2.07147
1080.35  313.207  12.186 2.07157
1085.63  315.315  12.1771 2.07165
1090.92  317.433  12.1679 2.07171
1096.24  319.56  12.1591 2.07177
1101.59  321.695  12.1502 2.07181
1106.95  323.84  12.1414 2.07183
1112.34  325.994  12.1322 2.07184
1117.75  328.157  12.1234 2.07183
1123.18  330.329  12.1145 2.07182
1128.64  332.51  12.1056 2.07178
1134.12  334.701  12.0968 2.07174
1139.62  336.9  12.0882 2.07168
1145.15  339.109  12.0794 2.07161
1150.69  341.327  12.0705 2.07152
1156.26  343.554  12.0616 2.07142
1161.86  345.79  12.0531 2.07131
1167.48  348.036  12.0442 2.07119
1173.12  350.291  12.0353 2.07105
1178.78  352.556  12.0268 2.0709
1184.47  354.829  12.0179 2.07074
1190.18  357.112  12.0094 2.07057
1195.92  359.405  12.0008 2.07038
1201.68  361.707  11.9919 2.07019
1207.46  364.018  11.9834 2.06998
1213.27  366.338  11.9748 2.06976
1219.1  368.669  11.9662 2.06952
1224.96  371.008  11.9577 2.06928
1230.84  373.358  11.9488 2.06903
1236.74  375.716  11.9403 2.06876
1242.67  378.084  11.932 2.06848
1248.62  380.462  11.9234 2.06819
1254.6  382.85  11.9149 2.0679
1260.6  385.247  11.9063 2.06759
1266.63  387.654  11.8977 2.06727
1272.68  390.07  11.8895 2.06694
1278.75  392.496  11.8809 2.06659
1284.85  394.932  11.8723 2.06624
1290.98  397.377  11.8641 2.06588
1297.13  399.832  11.8555 2.06551
1303.31  402.297  11.8472 2.06513
1309.51  404.772  11.839 2.06474
1315.73  407.257  11.8304 2.06434
1321.98  409.751  11.8221 2.06393
1328.26  412.256  11.8139 2.06351
1334.56  414.77  11.8056 2.06308
1340.89  417.294  11.7973 2.06264
1347.24  419.828  11.789 2.06219
1353.62  422.372  11.7808 2.06174
1360.03  424.926  11.7725 2.06127
1366.46  427.49  11.7642 2.0608
1372.91  430.064  11.756 2.06031
1379.39  432.648  11.748 2.05982
1385.9  435.242  11.7397 2.05932
1392.44  437.846  11.7315 2.05881
1399  440.46  11.7235 2.0583
1405.58  443.085  11.7152 2.05777
1412.2  445.719  11.7072 2.05724
1418.84  448.364  11.699 2.0567
1425.5  451.019  11.691 2.05615
1432.2  453.684  11.683 2.05559
1438.91  456.359  11.6751 2.05502
1445.66  459.045  11.6671 2.05445
1452.43  461.741  11.6588 2.05387
1459.23  464.448  11.6508 2.05328
1466.06  467.164  11.6429 2.05269
1472.91  469.891  11.6349 2.05209
1479.79  472.629  11.6272 2.05148
1486.7  475.377  11.6192 2.05086
1493.64  478.135  11.6113 2.05023
1500.6  480.904  11.6033 2.0496
1507.59  483.683  11.5956 2.04897
1514.61  486.473  11.5876 2.04832
1521.66  489.273  11.58 2.04767
1528.73  492.084  11.572 2.04701
1535.83  494.905  11.5643 2.04635
1542.96  497.737  11.5563 2.04568
1550.11  500.58  11.5487 2.045
1557.3  503.433  11.541 2.04431
1564.51  506.297  11.5333 2.04362
1571.75  509.172  11.5256 2.04293
1579.02  512.057  11.5179 2.04223
1586.32  514.954  11.5103 2.04152
1593.65  517.861  11.5026 2.0408
1601  520.778  11.4949 2.04008
1608.38  523.707  11.4872 2.03936
1615.8  526.647  11.4795 2.03862
1623.24  529.597  11.4722 2.03789
1630.71  532.558  11.4645 2.03714
1638.2  535.53  11.4568 2.0364
1645.73  538.514  11.4494 2.03564
1653.29  541.508  11.4417 2.03488
1660.87  544.513  11.4344 2.03412
1668.49  547.529  11.427 2.03335
1676.13  550.556  11.4193 2.03257
1683.8  553.595  11.4119 2.03179
1691.51  556.644  11.4045 2.03101
1699.24  559.705  11.3972 2.03022
1707  562.776  11.3898 2.02942
1714.79  565.859  11.3824 2.02862
1722.62  568.954  11.375 2.02782
1730.47  572.059  11.3676 2.02701
1738.35  575.176  11.3602 2.02619
1746.26  578.303  11.3529 2.02537
1754.2  581.443  11.3458 2.02455
1762.17  584.593  11.3384 2.02372
1770.18  587.755  11.3313 2.02289
1778.21  590.929  11.3239 2.02206
1786.27  594.113  11.3168 2.02121
1794.36  597.31  11.3094 2.02037
1802.49  600.517  11.3024 2.01952
1810.64  603.736  11.2953 2.01867
1818.83  606.967  11.2879 2.01781
1827.05  610.209  11.2808 2.01695
1835.29  613.463  11.2737 2.01608
1843.57  616.729  11.2666 2.01521
1851.88  620.006  11.2595 2.01434
1860.22  623.294  11.2524 2.01347
1868.6  626.595  11.2454 2.01258
1877  629.907  11.2383 2.0117
1885.43  633.231  11.2315 2.01081
1893.9  636.566  11.2244 2.00992
1902.4  639.914  11.2173 2.00903
1910.93  643.273  11.2105 2.00813
1919.49  646.644  11.2034 2.00723
1928.09  650.027  11.1966 2.00632
1936.71  653.422  11.1895 2.00541
1945.37  656.829  11.1827 2.0045
1954.06  660.247  11.176 2.00359
1962.78  663.678  11.1689 2.00267
1971.54  667.121  11.1621 2.00175
1980.33  670.576  11.1553 2.00082
1989.15  674.042  11.1485 1.9999
1998  677.521  11.1417 1.99897
2006.88  681.012  11.1349 1.99803
2015.8  684.516  11.1281 1.9971
2024.75  688.031  11.1213 1.99616
2033.74  691.559  11.1148 1.99522
2042.75  695.098  11.108 1.99427
2051.8  698.65  11.1012 1.99333
2060.89  702.215  11.0947 1.99238
2070  705.791  11.0879 1.99142
2079.15  709.38  11.0815 1.99047
2088.34  712.982  11.0747 1.98951
2097.56  716.596  11.0682 1.98855
2106.81  720.222  11.0617 1.98759
2116.09  723.86  11.0549 1.98663
2125.41  727.512  11.0484 1.98566
2134.76  731.175  11.0419 1.98469
2144.15  734.852  11.0354 1.98372
2153.57  738.54  11.0289 1.98274
2163.02  742.242  11.0224 1.98177
2172.51  745.956  11.0159 1.98079
2182.04  749.682  11.0094 1.97981
2191.59  753.422  11.0032 1.97883
2201.19  757.174  10.9967 1.97784
2210.81  760.939  10.9902 1.97686
2220.48  764.716  10.984 1.97587
2230.17  768.507  10.9775 1.97488
2239.9  772.31  10.971 1.97388
