134.841  1.99918  18.067 0.170148
135.7  2.04159  17.8559 0.172674
136.564  2.08486  17.6533 0.17525
137.431  2.12902  17.459 0.177874
138.303  2.17408  17.2723 0.180547
139.179  2.22006  17.0931 0.183271
140.06  2.26698  16.9209 0.186044
140.944  2.31484  16.7558 0.188868
141.833  2.36367  16.5969 0.191743
142.727  2.41348  16.4442 0.194669
143.624  2.46428  16.2978 0.197647
144.526  2.51611  16.1569 0.200677
145.433  2.56896  16.0213 0.203759
146.343  2.62287  15.8911 0.206893
147.258  2.67784  15.7659 0.210081
148.178  2.7339  15.6454 0.213322
149.102  2.79106  15.5296 0.216617
150.03  2.84935  15.4183 0.219966
150.963  2.90877  15.3111 0.22337
151.9  2.96935  15.208 0.226828
152.842  3.03111  15.1091 0.230341
153.789  3.09406  15.0137 0.23391
154.74  3.15823  14.9218 0.237534
155.695  3.22364  14.8335 0.241215
156.655  3.2903  14.7485 0.244951
157.62  3.35823  14.667 0.248744
158.589  3.42746  14.5884 0.252594
159.563  3.49801  14.5125 0.256501
160.542  3.5699  14.4399 0.260466
161.525  3.64314  14.3699 0.264488
162.513  3.71776  14.3026 0.268568
163.506  3.79379  14.2376 0.272706
164.504  3.87124  14.1753 0.276902
165.506  3.95013  14.1153 0.281157
166.513  4.03049  14.0577 0.285471
167.525  4.11235  14.0025 0.289844
168.542  4.19571  13.949 0.294276
169.564  4.28062  13.898 0.298768
170.59  4.36708  13.8486 0.303319
171.621  4.45513  13.8011 0.307929
172.658  4.54479  13.7556 0.3126
173.699  4.63608  13.7119 0.317331
174.745  4.72902  13.67 0.322122
175.797  4.82365  13.6295 0.326973
176.853  4.91999  13.5908 0.331885
177.914  5.01806  13.5536 0.336857
178.981  5.11789  13.5182 0.341889
180.052  5.2195  13.4839 0.346983
181.129  5.32293  13.4511 0.352137
182.211  5.42819  13.4195 0.357352
183.298  5.53532  13.3894 0.362628
184.39  5.64434  13.3605 0.367965
185.487  5.75528  13.3327 0.373362
186.59  5.86816  13.3061 0.37882
187.697  5.98302  13.2807 0.38434
188.81  6.09988  13.2565 0.38992
189.929  6.21877  13.2335 0.395561
191.053  6.33972  13.2113 0.401262
192.182  6.46276  13.1901 0.407024
193.316  6.58792  13.1697 0.412847
194.456  6.71523  13.1505 0.41873
195.601  6.84471  13.1322 0.424674
196.752  6.9764  13.1145 0.430677
197.908  7.11033  13.0979 0.436741
199.07  7.24653  13.082 0.442864
200.238  7.38502  13.0669 0.449047
201.41  7.52585  13.0527 0.45529
202.589  7.66903  13.0392 0.461591
203.773  7.81461  13.0262 0.467952
204.963  7.96261  13.0141 0.474371
206.158  8.11307  13.0025 0.480849
207.359  8.26602  12.9916 0.487384
208.566  8.42148  12.9813 0.493978
209.779  8.5795  12.9715 0.500629
210.998  8.7401  12.9624 0.507337
212.222  8.90333  12.9538 0.514101
213.452  9.0692  12.9458 0.520922
214.688  9.23776  12.9384 0.527799
215.93  9.40904  12.9314 0.534731
217.178  9.58307  12.9249 0.541718
218.432  9.75988  12.919 0.54876
219.691  9.93952  12.9133 0.555855
220.957  10.122  12.908 0.563004
222.229  10.3074  12.9033 0.570206
223.507  10.4957  12.8992 0.577461
224.791  10.687  12.895 0.584767
226.082  10.8812  12.8915 0.592124
227.378  11.0785  12.8882 0.599532
228.681  11.2788  12.8853 0.60699
229.99  11.4823  12.8829 0.614498
231.305  11.6888  12.8806 0.622054
232.627  11.8986  12.8788 0.629658
233.955  12.1115  12.877 0.637309
235.289  12.3277  12.8758 0.645007
236.63  12.5472  12.8747 0.65275
237.977  12.7699  12.8738 0.660539
239.33  12.996  12.8735 0.668371
240.691  13.2255  12.8729 0.676247
242.057  13.4584  12.8729 0.684166
243.43  13.6948  12.8732 0.692127
244.81  13.9347  12.8735 0.700128
246.197  14.178  12.8738 0.708169
247.59  14.425  12.8747 0.71625
248.99  14.6755  12.8755 0.724368
250.397  14.9297  12.8764 0.732524
251.81  15.1875  12.8779 0.740717
253.231  15.4491  12.8791 0.748945
254.658  15.7143  12.8806 0.757207
256.092  15.9834  12.8823 0.765502
257.533  16.2563  12.8841 0.77383
258.981  16.533  12.8859 0.78219
260.436  16.8136  12.8879 0.79058
261.898  17.0981  12.89 0.798999
263.367  17.3866  12.8924 0.807447
264.843  17.679  12.8947 0.815922
266.327  17.9755  12.8971 0.824423
267.817  18.276  12.8995 0.832949
269.315  18.5807  12.9021 0.841499
270.82  18.8894  12.9045 0.850072
272.332  19.2023  12.9071 0.858667
273.852  19.5195  12.9101 0.867283
275.379  19.8408  12.9128 0.875918
276.914  20.1664  12.9157 0.884571
278.456  20.4964  12.9184 0.893242
280.006  20.8306  12.9213 0.901929
281.563  21.1692  12.9243 0.910631
283.127  21.5123  12.9272 0.919347
284.7  21.8597  12.9302 0.928075
286.28  22.2117  12.9331 0.936815
287.867  22.5681  12.9361 0.945565
289.463  22.9291  12.939 0.954324
291.066  23.2946  12.942 0.963091
292.677  23.6647  12.9449 0.971865
294.296  24.0395  12.9479 0.980645
295.923  24.4189  12.9509 0.989429
297.557  24.8031  12.9535 0.998216
299.2  25.1919  12.9565 1.00701
300.851  25.5855  12.9594 1.0158
302.51  25.9839  12.9624 1.02459
304.177  26.3872  12.965 1.03337
305.852  26.7952  12.9677 1.04216
307.536  27.2082  12.9706 1.05094
309.227  27.626  12.9733 1.05972
310.927  28.0488  12.976 1.06849
312.635  28.4766  12.9786 1.07726
314.352  28.9094  12.981 1.08601
316.077  29.3472  12.9836 1.09476
317.811  29.79  12.986 1.1035
319.553  30.238  12.9884 1.11222
321.304  30.691  12.9907 1.12093
323.063  31.1492  12.9931 1.12963
324.831  31.6125  12.9952 1.13831
326.607  32.0811  12.9975 1.14698
328.393  32.5549  12.9996 1.15563
330.187  33.0339  13.0016 1.16426
331.99  33.5182  13.0034 1.17288
333.802  34.0077  13.0052 1.18147
335.622  34.5027  13.0073 1.19004
337.452  35.0029  13.0087 1.19859
339.291  35.5086  13.0105 1.20712
341.139  36.0196  13.012 1.21562
342.996  36.5361  13.0135 1.22409
344.862  37.058  13.0149 1.23255
346.737  37.5854  13.0161 1.24097
348.621  38.1182  13.0176 1.24937
350.515  38.6566  13.0185 1.25773
352.418  39.2006  13.0197 1.26607
354.331  39.7501  13.0205 1.27438
356.253  40.3052  13.0214 1.28266
358.184  40.8659  13.0223 1.2909
360.125  41.4322  13.0232 1.29911
362.076  42.0042  13.0238 1.30729
364.036  42.5819  13.0241 1.31543
366.006  43.1653  13.0247 1.32354
367.985  43.7543  13.025 1.33161
369.975  44.3491  13.0253 1.33964
371.974  44.9497  13.0256 1.34764
373.983  45.5561  13.0256 1.3556
376.002  46.1682  13.0256 1.36352
378.031  46.7862  13.0253 1.3714
380.07  47.41  13.0253 1.37924
382.119  48.0396  13.025 1.38704
384.178  48.6751  13.0244 1.3948
386.247  49.3165  13.0241 1.40251
388.327  49.9639  13.0235 1.41018
390.417  50.6171  13.0226 1.41781
392.517  51.2763  13.022 1.4254
394.627  51.9415  13.0211 1.43294
396.748  52.6126  13.0203 1.44044
398.88  53.2898  13.0191 1.44789
401.021  53.9729  13.0179 1.4553
403.174  54.6621  13.0167 1.46266
405.337  55.3573  13.0152 1.46997
407.511  56.0586  13.0141 1.47724
409.695  56.766  13.0123 1.48446
411.89  57.4794  13.0108 1.49163
414.096  58.199  13.009 1.49875
416.313  58.9247  13.0073 1.50582
418.541  59.6566  13.0055 1.51285
420.78  60.3946  13.0034 1.51983
423.03  61.1387  13.0014 1.52675
425.291  61.8891  12.9993 1.53363
427.563  62.6456  12.9969 1.54046
429.846  63.4084  12.9946 1.54723
432.14  64.1774  12.9922 1.55396
434.446  64.9527  12.9898 1.56064
436.763  65.7342  12.9872 1.56726
439.092  66.5219  12.9845 1.57383
441.431  67.316  12.9816 1.58036
443.783  68.1164  12.9789 1.58683
446.146  68.923  12.976 1.59325
448.52  69.736  12.9727 1.59961
450.907  70.5554  12.9698 1.60593
453.304  71.3811  12.9665 1.61219
455.714  72.2131  12.9633 1.6184
458.136  73.0515  12.96 1.62456
460.569  73.8964  12.9565 1.63067
463.014  74.7476  12.9529 1.63672
465.471  75.6052  12.9494 1.64272
467.941  76.4693  12.9458 1.64867
470.422  77.3398  12.942 1.65457
472.915  78.2168  12.9382 1.66041
475.421  79.1002  12.9343 1.6662
477.939  79.9901  12.9302 1.67194
480.469  80.8865  12.926 1.67763
483.012  81.7894  12.9219 1.68326
485.567  82.6988  12.9178 1.68885
488.134  83.6147  12.9136 1.69437
490.714  84.5372  12.9092 1.69985
493.306  85.4662  12.9048 1.70528
495.911  86.4018  12.9004 1.71065
498.529  87.3439  12.8956 1.71597
501.16  88.2927  12.8912 1.72124
503.803  89.248  12.8865 1.72645
506.459  90.2099  12.8817 1.73162
509.128  91.1785  12.8767 1.73673
511.81  92.1537  12.872 1.74179
514.505  93.1355  12.867 1.7468
517.213  94.124  12.862 1.75176
519.934  95.1191  12.8569 1.75667
522.668  96.1209  12.8516 1.76153
525.416  97.1294  12.8466 1.76633
528.176  98.1447  12.8413 1.77109
530.951  99.1666  12.836 1.77579
533.738  100.195  12.8307 1.78045
536.539  101.231  12.825 1.78505
539.353  102.273  12.8197 1.78961
542.181  103.322  12.8141 1.79411
545.023  104.377  12.8085 1.79857
547.878  105.44  12.8029 1.80298
550.747  106.509  12.797 1.80733
553.63  107.585  12.7914 1.81164
556.527  108.668  12.7855 1.8159
559.437  109.757  12.7796 1.82011
562.362  110.854  12.7737 1.82428
565.3  111.957  12.7678 1.82839
568.253  113.067  12.7615 1.83246
571.22  114.184  12.7556 1.83648
574.201  115.308  12.7494 1.84045
577.196  116.439  12.7432 1.84438
580.205  117.577  12.737 1.84826
583.229  118.721  12.7308 1.85209
586.267  119.873  12.7246 1.85588
589.32  121.031  12.7181 1.85962
592.387  122.197  12.7116 1.86331
595.469  123.369  12.7054 1.86696
598.565  124.549  12.6989 1.87057
601.676  125.735  12.6924 1.87413
604.802  126.928  12.6857 1.87764
607.943  128.129  12.6792 1.88112
611.098  129.336  12.6727 1.88454
614.269  130.55  12.6659 1.88793
617.454  131.772  12.6591 1.89127
620.655  133  12.6523 1.89456
623.87  134.236  12.6455 1.89782
627.101  135.479  12.6387 1.90103
630.347  136.728  12.6319 1.9042
633.608  137.985  12.6251 1.90733
636.885  139.249  12.618 1.91041
640.177  140.52  12.6112 1.91345
643.484  141.799  12.6041 1.91646
646.807  143.084  12.5971 1.91942
650.146  144.377  12.59 1.92234
653.5  145.676  12.5829 1.92522
656.87  146.983  12.5758 1.92806
660.256  148.297  12.5687 1.93087
663.657  149.619  12.5613 1.93363
667.075  150.947  12.5542 1.93635
670.508  152.283  12.5471 1.93904
673.957  153.626  12.5398 1.94168
677.422  154.977  12.5324 1.94429
680.904  156.334  12.5253 1.94686
684.401  157.699  12.5179 1.94939
687.915  159.071  12.5105 1.95189
691.445  160.451  12.5031 1.95434
694.992  161.838  12.4958 1.95676
698.555  163.232  12.4881 1.95915
702.134  164.634  12.4807 1.9615
705.73  166.043  12.4733 1.96381
709.342  167.459  12.4656 1.96609
712.971  168.883  12.4583 1.96833
716.617  170.314  12.4506 1.97054
720.28  171.753  12.4432 1.97271
723.959  173.199  12.4355 1.97485
727.656  174.652  12.4278 1.97695
731.369  176.113  12.4205 1.97902
735.1  177.582  12.4128 1.98106
738.847  179.057  12.4051 1.98306
742.612  180.541  12.3974 1.98503
746.393  182.032  12.3897 1.98697
750.192  183.53  12.3821 1.98887
754.009  185.037  12.3744 1.99074
757.843  186.55  12.3664 1.99258
761.694  188.071  12.3587 1.99439
765.563  189.6  12.351 1.99617
769.449  191.137  12.3434 1.99792
773.353  192.681  12.3354 1.99963
777.275  194.232  12.3277 2.00132
781.214  195.792  12.3197 2.00297
785.171  197.359  12.3121 2.0046
789.147  198.934  12.3041 2.00619
793.14  200.516  12.2964 2.00776
797.151  202.106  12.2884 2.0093
801.18  203.704  12.2805 2.0108
805.228  205.31  12.2728 2.01228
809.293  206.923  12.2648 2.01374
813.377  208.544  12.2568 2.01516
817.479  210.173  12.2489 2.01655
821.6  211.81  12.2412 2.01792
825.739  213.454  12.2332 2.01926
829.897  215.107  12.2252 2.02057
834.073  216.767  12.2173 2.02186
838.268  218.435  12.2093 2.02312
842.481  220.111  12.2013 2.02435
846.714  221.795  12.1933 2.02556
850.965  223.487  12.1854 2.02674
855.235  225.187  12.1774 2.0279
859.524  226.895  12.1694 2.02903
863.832  228.61  12.1615 2.03013
868.159  230.334  12.1535 2.03121
872.506  232.066  12.1455 2.03227
876.871  233.805  12.1375 2.0333
881.256  235.553  12.1296 2.0343
885.66  237.309  12.1216 2.03529
890.084  239.073  12.1136 2.03624
894.527  240.845  12.1053 2.03718
898.99  242.625  12.0974 2.03809
903.473  244.413  12.0894 2.03898
907.975  246.209  12.0814 2.03985
912.497  248.014  12.0734 2.04069
917.038  249.826  12.0655 2.04151
921.6  251.647  12.0572 2.04231
926.181  253.476  12.0492 2.04309
930.783  255.313  12.0413 2.04385
935.405  257.159  12.0333 2.04458
940.046  259.012  12.0253 2.04529
944.708  260.874  12.017 2.04598
949.391  262.745  12.0091 2.04665
954.093  264.623  12.0011 2.0473
958.816  266.51  11.9931 2.04793
963.56  268.405  11.9851 2.04854
968.324  270.309  11.9769 2.04913
973.109  272.221  11.9689 2.0497
977.914  274.141  11.9609 2.05025
982.741  276.07  11.953 2.05078
987.588  278.007  11.945 2.05129
992.456  279.953  11.937 2.05178
997.344  281.907  11.929 2.05226
1002.25  283.87  11.9208 2.05271
1007.19  285.841  11.9128 2.05315
1012.14  287.821  11.9048 2.05356
1017.11  289.809  11.8968 2.05396
1022.11  291.806  11.8889 2.05434
1027.12  293.811  11.8809 2.05471
1032.16  295.825  11.8729 2.05505
1037.22  297.847  11.8649 2.05538
1042.3  299.879  11.857 2.05569
1047.4  301.919  11.849 2.05599
1052.53  303.967  11.841 2.05627
1057.67  306.024  11.8331 2.05653
1062.84  308.09  11.8251 2.05677
1068.03  310.165  11.8171 2.057
1073.24  312.248  11.8091 2.05721
1078.47  314.341  11.8012 2.05741
1083.73  316.442  11.7932 2.05758
1089.01  318.551  11.7852 2.05775
1094.31  320.67  11.7772 2.0579
1099.63  322.798  11.7696 2.05803
1104.97  324.934  11.7616 2.05815
1110.34  327.079  11.7536 2.05825
1115.73  329.233  11.7456 2.05834
1121.14  331.396  11.7377 2.05841
1126.58  333.568  11.73 2.05847
1132.04  335.749  11.722 2.05852
1137.52  337.939  11.714 2.05855
1143.02  340.138  11.7064 2.05856
1148.55  342.346  11.6984 2.05856
1154.1  344.564  11.6904 2.05855
1159.67  346.79  11.6827 2.05853
1165.27  349.025  11.6748 2.05849
1170.89  351.269  11.6671 2.05844
1176.53  353.523  11.6591 2.05837
1182.2  355.785  11.6514 2.05829
1187.88  358.057  11.6435 2.0582
1193.6  360.338  11.6358 2.0581
1199.33  362.628  11.6281 2.05798
1205.09  364.928  11.6201 2.05785
1210.88  367.237  11.6124 2.05771
1216.69  369.555  11.6048 2.05755
1222.52  371.882  11.5971 2.05739
1228.37  374.219  11.5891 2.05721
1234.25  376.565  11.5814 2.05702
1240.16  378.92  11.5738 2.05682
1246.09  381.285  11.5661 2.0566
1252.04  383.659  11.5584 2.05638
1258.02  386.042  11.5507 2.05614
1264.02  388.435  11.543 2.0559
1270.04  390.838  11.5354 2.05564
1276.09  393.25  11.5277 2.05537
1282.17  395.671  11.52 2.05509
1288.27  398.102  11.5123 2.0548
1294.39  400.543  11.5046 2.0545
1300.54  402.993  11.497 2.05418
1306.72  405.453  11.4896 2.05386
1312.92  407.922  11.4819 2.05353
1319.14  410.401  11.4742 2.05318
1325.39  412.89  11.4666 2.05283
1331.66  415.388  11.4592 2.05247
1337.96  417.896  11.4515 2.0521
1344.29  420.414  11.4441 2.05171
1350.64  422.941  11.4364 2.05132
1357.02  425.479  11.429 2.05092
1363.42  428.026  11.4214 2.05051
1369.85  430.583  11.414 2.05009
1376.3  433.15  11.4063 2.04966
1382.78  435.726  11.3989 2.04922
1389.28  438.313  11.3915 2.04877
1395.82  440.909  11.3842 2.04832
1402.37  443.516  11.3765 2.04785
1408.96  446.132  11.3691 2.04738
1415.57  448.759  11.3617 2.0469
1422.2  451.395  11.3543 2.04641
1428.86  454.041  11.3469 2.04591
1435.55  456.698  11.3396 2.0454
1442.27  459.364  11.3322 2.04489
1449.01  462.041  11.3248 2.04436
1455.78  464.728  11.3174 2.04383
1462.57  467.425  11.31 2.04329
1469.4  470.132  11.3026 2.04275
1476.25  472.849  11.2956 2.04219
1483.12  475.577  11.2882 2.04163
1490.02  478.314  11.2808 2.04106
1496.95  481.062  11.2737 2.04048
1503.91  483.821  11.2663 2.0399
1510.9  486.589  11.2592 2.03931
1517.91  489.368  11.2519 2.03871
1524.95  492.157  11.2448 2.0381
1532.02  494.957  11.2374 2.03749
1539.11  497.767  11.2303 2.03687
1546.23  500.588  11.2232 2.03624
1553.38  503.419  11.2158 2.03561
1560.56  506.26  11.2087 2.03497
1567.77  509.112  11.2016 2.03433
1575  511.975  11.1946 2.03367
1582.26  514.848  11.1875 2.03301
1589.55  517.731  11.1801 2.03235
1596.87  520.626  11.173 2.03168
1604.22  523.53  11.1659 2.031
1611.59  526.446  11.1591 2.03031
1619  529.372  11.152 2.02962
1626.43  532.309  11.1449 2.02893
1633.89  535.257  11.1379 2.02823
1641.38  538.215  11.1308 2.02752
1648.9  541.184  11.124 2.0268
1656.44  544.164  11.1169 2.02609
1664.02  547.155  11.1098 2.02536
1671.63  550.156  11.103 2.02463
1679.26  553.169  11.0959 2.02389
1686.92  556.192  11.0891 2.02315
1694.62  559.227  11.082 2.02241
1702.34  562.272  11.0752 2.02166
1710.09  565.328  11.0685 2.0209
1717.87  568.396  11.0614 2.02014
1725.68  571.474  11.0546 2.01937
1733.52  574.563  11.0478 2.0186
1741.39  577.664  11.041 2.01782
1749.29  580.775  11.0342 2.01704
1757.22  583.898  11.0274 2.01625
1765.18  587.032  11.0206 2.01546
1773.17  590.177  11.0138 2.01467
1781.19  593.333  11.007 2.01387
1789.24  596.5  11.0002 2.01306
1797.32  599.679  10.9934 2.01225
1805.44  602.869  10.9867 2.01144
1813.58  606.07  10.9802 2.01062
1821.75  609.283  10.9734 2.0098
1829.95  612.507  10.9666 2.00897
1838.19  615.742  10.9601 2.00814
1846.45  618.989  10.9533 2.00731
1854.75  622.247  10.9468 2.00647
1863.08  625.517  10.94 2.00563
1871.43  628.798  10.9335 2.00478
1879.82  632.091  10.927 2.00393
1888.24  635.395  10.9202 2.00308
1896.69  638.711  10.9137 2.00222
1905.18  642.039  10.9072 2.00136
1913.69  645.378  10.9007 2.00049
1922.24  648.729  10.8942 1.99962
1930.82  652.091  10.8874 1.99875
1939.43  655.465  10.8809 1.99787
1948.07  658.851  10.8747 1.99699
1956.74  662.249  10.8682 1.99611
1965.45  665.658  10.8617 1.99522
1974.19  669.08  10.8552 1.99433
1982.95  672.513  10.8487 1.99344
1991.76  675.958  10.8422 1.99254
2000.59  679.415  10.836 1.99165
2009.46  682.883  10.8295 1.99074
2018.36  686.364  10.8233 1.98984
2027.29  689.857  10.8168 1.98893
2036.26  693.362  10.8106 1.98802
2045.25  696.879  10.8041 1.9871
2054.28  700.408  10.7979 1.98619
2063.35  703.949  10.7914 1.98527
2072.45  707.502  10.7852 1.98434
2081.57  711.067  10.779 1.98342
2090.74  714.644  10.7728 1.98249
2099.93  718.234  10.7666 1.98156
2109.16  721.836  10.7604 1.98062
2118.43  725.45  10.7539 1.97969
2127.73  729.076  10.748 1.97875
2137.06  732.715  10.7418 1.97781
2146.42  736.366  10.7356 1.97686
2155.82  740.03  10.7294 1.97592
2165.25  743.706  10.7232 1.97497
2174.72  747.394  10.717 1.97402
2184.22  751.095  10.7111 1.97306
2193.75  754.808  10.7049 1.97211
2203.32  758.534  10.6987 1.97115
