133.255  1.99164  17.9823 0.178672
134.108  2.0311  17.8075 0.180995
134.964  2.07142  17.6382 0.183364
135.825  2.11261  17.4743 0.185779
136.689  2.1547  17.3152 0.188241
137.558  2.19771  17.1613 0.190751
138.431  2.24165  17.0122 0.19331
139.309  2.28654  16.8674 0.195918
140.19  2.33241  16.7275 0.198576
141.076  2.37927  16.5916 0.201285
141.967  2.42713  16.4602 0.204046
142.861  2.47603  16.3329 0.206858
143.76  2.52598  16.2092 0.209724
144.663  2.57701  16.0896 0.212643
145.571  2.62912  15.9738 0.215617
146.482  2.68235  15.8616 0.218646
147.399  2.73672  15.7529 0.221731
148.319  2.79224  15.6475 0.224872
149.245  2.84895  15.5456 0.228071
150.174  2.90685  15.4466 0.231327
151.108  2.96599  15.351 0.234643
152.047  3.02637  15.2582 0.238017
152.99  3.08803  15.1684 0.241452
153.938  3.15099  15.0816 0.244947
154.89  3.21527  14.9977 0.248504
155.847  3.28089  14.9162 0.252123
156.808  3.34789  14.8377 0.255805
157.774  3.41628  14.7615 0.25955
158.745  3.4861  14.6877 0.26336
159.72  3.55738  14.6165 0.267234
160.7  3.63012  14.5474 0.271174
161.684  3.70438  14.4806 0.27518
162.674  3.78016  14.4163 0.279253
163.668  3.85751  14.3539 0.283394
164.667  3.93645  14.2937 0.287602
165.671  4.017  14.2358 0.291879
166.679  4.0992  14.1794 0.296226
167.692  4.18308  14.1254 0.300642
168.711  4.26867  14.0728 0.305129
169.734  4.35599  14.0223 0.309687
170.762  4.44509  13.9736 0.314317
171.795  4.53599  13.9266 0.319019
172.833  4.62872  13.8811 0.323794
173.875  4.72331  13.8374 0.328642
174.923  4.81981  13.7952 0.333564
175.976  4.91824  13.7547 0.33856
177.034  5.01863  13.7157 0.343632
178.097  5.12103  13.6779 0.348779
179.165  5.22546  13.6419 0.354001
180.238  5.33197  13.6071 0.3593
181.317  5.44058  13.5737 0.364676
182.4  5.55134  13.5415 0.37013
183.489  5.66427  13.5105 0.375661
184.583  5.77943  13.481 0.38127
185.682  5.89684  13.4526 0.386957
186.787  6.01655  13.4254 0.392723
187.896  6.13859  13.3992 0.398569
189.012  6.263  13.3743 0.404494
190.132  6.38983  13.3504 0.410499
191.258  6.5191  13.3274 0.416584
192.389  6.65088  13.3055 0.422749
193.526  6.78519  13.2849 0.428995
194.668  6.92207  13.2651 0.435322
195.816  7.06158  13.2462 0.44173
196.969  7.20375  13.2282 0.44822
198.128  7.34862  13.211 0.45479
199.293  7.49625  13.1948 0.461443
200.463  7.64667  13.1791 0.468177
201.638  7.79992  13.1647 0.474992
202.82  7.95607  13.1508 0.48189
204.007  8.11514  13.1378 0.488869
205.2  8.27719  13.1254 0.49593
206.398  8.44226  13.1139 0.503073
207.603  8.61041  13.1029 0.510298
208.813  8.78167  13.0929 0.517604
210.029  8.95609  13.0832 0.524992
211.251  9.13374  13.0743 0.532461
212.479  9.31464  13.066 0.540011
213.713  9.49886  13.0584 0.547643
214.953  9.68644  13.0513 0.555355
216.199  9.87744  13.0448 0.563147
217.451  10.0719  13.0389 0.57102
218.709  10.2699  13.0332 0.578972
219.973  10.4714  13.0285 0.587004
221.243  10.6766  13.0241 0.595115
222.52  10.8854  13.02 0.603304
223.803  11.0979  13.0167 0.611571
225.092  11.3142  13.0135 0.619916
226.388  11.5344  13.0111 0.628337
227.689  11.7584  13.0087 0.636835
228.998  11.9864  13.007 0.645408
230.312  12.2183  13.0055 0.654057
231.633  12.4543  13.0046 0.66278
232.961  12.6944  13.004 0.671576
234.295  12.9386  13.0037 0.680445
235.636  13.1871  13.0037 0.689385
236.983  13.4398  13.004 0.698397
238.337  13.6968  13.0046 0.707479
239.698  13.9582  13.0058 0.71663
241.065  14.224  13.007 0.725849
242.439  14.4943  13.0084 0.735135
243.82  14.7691  13.0102 0.744487
245.208  15.0485  13.0123 0.753904
246.603  15.3326  13.0146 0.763384
248.004  15.6213  13.017 0.772928
249.413  15.9148  13.0197 0.782532
250.829  16.2132  13.0226 0.792197
252.251  16.5164  13.0259 0.801921
253.681  16.8245  13.0291 0.811702
255.118  17.1376  13.0324 0.821539
256.563  17.4557  13.0362 0.831431
258.014  17.779  13.04 0.841376
259.473  18.1073  13.0439 0.851373
260.939  18.4409  13.048 0.86142
262.412  18.7797  13.0521 0.871516
263.893  19.1238  13.0563 0.88166
265.381  19.4733  13.0607 0.891849
266.877  19.8282  13.0654 0.902082
268.38  20.1886  13.0699 0.912357
269.891  20.5545  13.0746 0.922673
271.41  20.926  13.0793 0.933028
272.936  21.303  13.0843 0.943421
274.47  21.6858  13.0891 0.953849
276.012  22.0743  13.0941 0.964311
277.562  22.4686  13.0991 0.974804
279.119  22.8687  13.1041 0.985328
280.685  23.2747  13.1091 0.99588
282.258  23.6867  13.1145 1.00646
283.839  24.1046  13.1195 1.01706
285.429  24.5285  13.1245 1.02769
287.027  24.9586  13.1298 1.03834
288.632  25.3947  13.1348 1.049
290.247  25.8371  13.1402 1.05969
291.869  26.2856  13.1452 1.07038
293.5  26.7405  13.1502 1.0811
295.139  27.2016  13.1552 1.09182
296.786  27.6691  13.1605 1.10255
298.442  28.143  13.1656 1.11329
300.107  28.6234  13.1706 1.12404
301.78  29.1103  13.1753 1.13479
303.462  29.6037  13.1803 1.14554
305.152  30.1037  13.185 1.15629
306.851  30.6103  13.1901 1.16704
308.559  31.1236  13.1948 1.17778
310.276  31.6435  13.1995 1.18852
312.002  32.1703  13.2039 1.19925
313.737  32.7038  13.2087 1.20998
315.48  33.2441  13.2131 1.22069
317.233  33.7913  13.2175 1.23138
318.995  34.3453  13.2217 1.24206
320.766  34.9063  13.2261 1.25273
322.547  35.4743  13.2302 1.26337
324.336  36.0493  13.2341 1.274
326.135  36.6313  13.2382 1.2846
327.944  37.2204  13.242 1.29518
329.761  37.8166  13.2459 1.30573
331.589  38.4199  13.2494 1.31626
333.426  39.0304  13.253 1.32675
335.272  39.6481  13.2565 1.33722
337.129  40.2731  13.2598 1.34765
338.995  40.9053  13.263 1.35805
340.87  41.5448  13.2663 1.36841
342.756  42.1916  13.2692 1.37874
344.652  42.8457  13.2722 1.38903
346.557  43.5072  13.2748 1.39927
348.473  44.1762  13.2775 1.40948
350.398  44.8525  13.2801 1.41964
352.334  45.5363  13.2825 1.42976
354.28  46.2276  13.2849 1.43983
356.237  46.9264  13.2872 1.44985
358.203  47.6327  13.2893 1.45983
360.18  48.3466  13.2911 1.46975
362.168  49.068  13.2931 1.47963
364.165  49.797  13.2946 1.48945
366.174  50.5337  13.2964 1.49922
368.193  51.2779  13.2979 1.50894
370.223  52.0299  13.299 1.51859
372.263  52.7895  13.3002 1.5282
374.315  53.5568  13.3014 1.53774
376.377  54.3318  13.3023 1.54723
378.45  55.1145  13.3032 1.55666
380.534  55.905  13.3038 1.56602
382.629  56.7033  13.3044 1.57533
384.735  57.5093  13.3049 1.58457
386.853  58.3232  13.3052 1.59375
388.981  59.1449  13.3052 1.60287
391.121  59.9744  13.3055 1.61192
393.273  60.8117  13.3052 1.62091
395.435  61.657  13.3052 1.62983
397.609  62.5101  13.3049 1.63868
399.795  63.3711  13.3044 1.64747
401.992  64.24  13.3038 1.65619
404.201  65.1168  13.3032 1.66484
406.422  66.0016  13.3023 1.67342
408.654  66.8943  13.3014 1.68193
410.898  67.795  13.3005 1.69037
413.154  68.7036  13.2993 1.69874
415.422  69.6202  13.2979 1.70704
417.703  70.5449  13.2967 1.71527
419.995  71.4775  13.2949 1.72343
422.299  72.4182  13.2934 1.73152
424.616  73.3669  13.2917 1.73954
426.945  74.3236  13.2899 1.74748
429.286  75.2884  13.2878 1.75535
431.639  76.2613  13.2857 1.76315
434.005  77.2422  13.2834 1.77087
436.384  78.2313  13.281 1.77852
438.775  79.2284  13.2787 1.7861
441.179  80.2336  13.276 1.7936
443.596  81.247  13.2733 1.80104
446.025  82.2684  13.2707 1.80839
448.467  83.298  13.2677 1.81568
450.922  84.3358  13.2648 1.82289
453.39  85.3817  13.2618 1.83003
455.871  86.4357  13.2586 1.83709
458.366  87.4979  13.2553 1.84408
460.873  88.5683  13.2518 1.851
463.394  89.6469  13.2482 1.85784
465.928  90.7337  13.2447 1.86461
468.475  91.8287  13.2412 1.87131
471.036  92.9319  13.2373 1.87794
473.61  94.0434  13.2335 1.88449
476.197  95.163  13.2293 1.89097
478.799  96.2909  13.2252 1.89737
481.414  97.4271  13.2211 1.90371
484.043  98.5715  13.2169 1.90997
486.685  99.7242  13.2125 1.91616
489.342  100.885  13.2081 1.92228
492.012  102.054  13.2036 1.92833
494.697  103.232  13.1989 1.93431
497.395  104.418  13.1942 1.94021
500.108  105.612  13.1895 1.94605
502.835  106.814  13.1847 1.95181
505.576  108.025  13.1797 1.95751
508.331  109.244  13.1747 1.96314
511.101  110.471  13.1697 1.96869
513.886  111.707  13.1644 1.97418
516.684  112.951  13.1591 1.9796
519.498  114.204  13.1537 1.98495
522.326  115.465  13.1484 1.99023
525.169  116.734  13.1431 1.99545
528.027  118.012  13.1375 2.0006
530.899  119.298  13.1319 2.00568
533.787  120.592  13.1263 2.0107
536.689  121.895  13.1204 2.01565
539.607  123.206  13.1145 2.02053
542.539  124.526  13.1089 2.02535
545.487  125.854  13.1026 2.03011
548.45  127.191  13.0967 2.0348
551.429  128.536  13.0905 2.03943
554.423  129.889  13.0846 2.04399
557.432  131.251  13.0784 2.04849
560.457  132.622  13.0722 2.05293
563.497  134.001  13.0657 2.05731
566.553  135.388  13.0595 2.06162
569.625  136.784  13.053 2.06588
572.713  138.189  13.0465 2.07007
575.817  139.602  13.04 2.07421
578.936  141.023  13.0332 2.07828
582.072  142.453  13.0268 2.0823
585.223  143.892  13.02 2.08625
588.391  145.339  13.0132 2.09015
591.575  146.795  13.0064 2.09399
594.775  148.26  12.9996 2.09777
597.991  149.733  12.9928 2.1015
601.224  151.214  12.9857 2.10517
604.474  152.705  12.9789 2.10878
607.74  154.204  12.9718 2.11234
611.023  155.711  12.9647 2.11585
614.322  157.227  12.9576 2.11929
617.638  158.752  12.9506 2.12269
620.971  160.286  12.9432 2.12603
624.321  161.828  12.9361 2.12932
627.687  163.379  12.9287 2.13256
631.071  164.939  12.9216 2.13574
634.472  166.507  12.9142 2.13887
637.89  168.084  12.9068 2.14195
641.326  169.67  12.8995 2.14498
644.778  171.265  12.8918 2.14796
648.248  172.868  12.8844 2.15089
651.736  174.481  12.8767 2.15377
655.241  176.102  12.8693 2.1566
658.763  177.731  12.8617 2.15939
662.304  179.37  12.854 2.16212
665.862  181.017  12.8466 2.16481
669.437  182.674  12.8389 2.16745
673.031  184.339  12.831 2.17005
676.643  186.013  12.8233 2.1726
680.272  187.696  12.8156 2.1751
683.92  189.387  12.8079 2.17756
687.586  191.088  12.7999 2.17997
691.27  192.798  12.7923 2.18234
694.972  194.516  12.7843 2.18466
698.693  196.244  12.7763 2.18694
702.432  197.98  12.7686 2.18918
706.19  199.726  12.7607 2.19138
709.966  201.48  12.7527 2.19353
713.761  203.243  12.7447 2.19564
717.575  205.016  12.7367 2.19772
721.407  206.797  12.7288 2.19974
725.259  208.588  12.7205 2.20173
729.129  210.387  12.7125 2.20368
733.018  212.196  12.7046 2.20559
736.927  214.014  12.6963 2.20746
740.854  215.841  12.6883 2.2093
744.801  217.677  12.6803 2.21109
748.767  219.522  12.6721 2.21285
752.753  221.376  12.6638 2.21456
756.758  223.239  12.6558 2.21624
760.782  225.112  12.6476 2.21789
764.826  226.994  12.6393 2.2195
768.89  228.885  12.6313 2.22107
772.973  230.785  12.623 2.2226
777.076  232.694  12.6148 2.22411
781.2  234.613  12.6065 2.22557
785.343  236.541  12.5982 2.227
789.506  238.478  12.59 2.2284
793.689  240.425  12.5817 2.22976
797.892  242.38  12.5734 2.2311
802.116  244.346  12.5652 2.23239
806.36  246.32  12.5569 2.23366
810.625  248.304  12.5486 2.23489
814.909  250.297  12.5404 2.23609
819.215  252.3  12.5318 2.23726
823.541  254.312  12.5235 2.2384
827.888  256.334  12.5152 2.23951
832.255  258.365  12.507 2.24058
836.644  260.405  12.4984 2.24163
841.053  262.455  12.4901 2.24265
845.483  264.515  12.4819 2.24363
849.935  266.584  12.4736 2.24459
854.407  268.662  12.465 2.24552
858.901  270.75  12.4568 2.24642
863.416  272.848  12.4485 2.2473
867.952  274.955  12.4399 2.24814
872.51  277.072  12.4317 2.24896
877.09  279.199  12.4231 2.24975
881.691  281.335  12.4148 2.25051
886.314  283.481  12.4066 2.25125
890.958  285.636  12.398 2.25196
895.624  287.801  12.3897 2.25264
900.313  289.976  12.3812 2.2533
905.023  292.161  12.3729 2.25393
909.755  294.355  12.3646 2.25454
914.51  296.56  12.3561 2.25512
919.286  298.774  12.3478 2.25568
924.085  300.998  12.3395 2.25622
928.906  303.231  12.331 2.25673
933.75  305.475  12.3227 2.25721
938.616  307.728  12.3141 2.25768
943.505  309.991  12.3059 2.25812
948.417  312.265  12.2976 2.25853
953.351  314.548  12.289 2.25893
958.308  316.841  12.2808 2.2593
963.288  319.144  12.2725 2.25965
968.291  321.457  12.2639 2.25998
973.318  323.78  12.2557 2.26029
978.367  326.113  12.2474 2.26057
983.439  328.456  12.2391 2.26084
988.535  330.809  12.2306 2.26108
993.654  333.173  12.2223 2.2613
998.797  335.546  12.214 2.2615
1003.96  337.93  12.2057 2.26169
1009.15  340.323  12.1975 2.26185
1014.37  342.727  12.1889 2.26199
1019.6  345.141  12.1806 2.26212
1024.87  347.566  12.1724 2.26222
1030.15  350  12.1641 2.26231
1035.46  352.445  12.1558 2.26237
1040.79  354.9  12.1476 2.26242
1046.15  357.366  12.1393 2.26245
1051.53  359.841  12.131 2.26247
1056.94  362.328  12.1228 2.26246
1062.37  364.824  12.1145 2.26244
1067.82  367.331  12.1062 2.2624
1073.3  369.848  12.098 2.26234
1078.81  372.376  12.0897 2.26227
1084.34  374.914  12.0817 2.26218
1089.89  377.462  12.0734 2.26207
1095.47  380.022  12.0652 2.26194
1101.07  382.591  12.0569 2.2618
1106.7  385.171  12.0486 2.26165
1112.36  387.762  12.0407 2.26148
1118.03  390.364  12.0324 2.26129
1123.74  392.975  12.0244 2.26109
1129.47  395.598  12.0162 2.26087
1135.22  398.231  12.0079 2.26064
1141.01  400.875  11.9999 2.26039
1146.81  403.53  11.9916 2.26013
1152.64  406.195  11.9837 2.25985
1158.5  408.871  11.9757 2.25956
1164.39  411.558  11.9674 2.25926
1170.3  414.256  11.9594 2.25894
1176.23  416.964  11.9515 2.25861
1182.19  419.684  11.9432 2.25826
1188.18  422.414  11.9352 2.2579
1194.2  425.155  11.9273 2.25753
1200.24  427.907  11.9193 2.25714
1206.31  430.67  11.9113 2.25675
1212.4  433.444  11.9033 2.25634
1218.52  436.229  11.8954 2.25591
1224.67  439.025  11.8874 2.25548
1230.84  441.831  11.8794 2.25503
1237.04  444.649  11.8714 2.25457
1243.27  447.479  11.8635 2.2541
1249.53  450.319  11.8555 2.25361
1255.81  453.17  11.8475 2.25312
1262.12  456.032  11.8398 2.25261
1268.46  458.906  11.8319 2.25209
1274.82  461.791  11.8239 2.25157
1281.21  464.687  11.8162 2.25103
1287.63  467.594  11.8082 2.25048
1294.08  470.513  11.8006 2.24991
1300.56  473.443  11.7926 2.24934
1307.06  476.384  11.7849 2.24876
1313.59  479.337  11.7769 2.24817
1320.15  482.301  11.7693 2.24756
1326.73  485.276  11.7616 2.24695
1333.35  488.263  11.7536 2.24633
1339.99  491.261  11.7459 2.2457
1346.66  494.271  11.7383 2.24505
1353.36  497.292  11.7306 2.2444
1360.09  500.325  11.7229 2.24374
1366.85  503.369  11.7152 2.24307
1373.64  506.425  11.7075 2.24239
1380.45  509.492  11.6999 2.2417
1387.29  512.572  11.6922 2.24101
1394.17  515.662  11.6845 2.2403
1401.07  518.765  11.6771 2.23958
1408  521.879  11.6694 2.23886
1414.96  525.005  11.6618 2.23813
1421.95  528.143  11.6544 2.23739
1428.97  531.292  11.6467 2.23664
1436.02  534.453  11.6393 2.23589
1443.09  537.627  11.6316 2.23512
1450.2  540.812  11.6243 2.23435
1457.34  544.009  11.6166 2.23357
1464.5  547.217  11.6092 2.23278
1471.7  550.438  11.6018 2.23199
1478.93  553.671  11.5944 2.23119
1486.19  556.916  11.5867 2.23038
1493.47  560.173  11.5794 2.22956
1500.79  563.441  11.572 2.22874
1508.14  566.722  11.5646 2.22791
1515.52  570.016  11.5572 2.22707
1522.93  573.321  11.5498 2.22622
1530.37  576.638  11.5427 2.22537
1537.84  579.968  11.5354 2.22452
1545.34  583.309  11.528 2.22365
1552.87  586.664  11.5206 2.22278
1560.43  590.03  11.5135 2.2219
1568.03  593.409  11.5061 2.22102
1575.65  596.799  11.499 2.22013
1583.31  600.203  11.4917 2.21924
1591  603.619  11.4846 2.21834
1598.72  607.047  11.4772 2.21743
1606.47  610.487  11.4701 2.21652
1614.26  613.94  11.463 2.2156
1622.07  617.406  11.4556 2.21467
1629.92  620.884  11.4485 2.21374
1637.8  624.375  11.4415 2.21281
1645.71  627.878  11.4344 2.21187
1653.65  631.394  11.4273 2.21092
1661.62  634.922  11.4202 2.20997
1669.63  638.463  11.4131 2.20902
1677.67  642.017  11.406 2.20806
1685.74  645.584  11.3992 2.20709
1693.85  649.163  11.3921 2.20612
1701.99  652.755  11.385 2.20514
1710.16  656.36  11.3783 2.20416
1718.36  659.978  11.3712 2.20318
1726.6  663.609  11.3644 2.20219
1734.87  667.253  11.3573 2.2012
1743.17  670.909  11.3505 2.2002
1751.5  674.579  11.3434 2.1992
1759.87  678.261  11.3366 2.19819
1768.28  681.957  11.3298 2.19718
1776.71  685.665  11.323 2.19616
1785.18  689.387  11.3162 2.19514
1793.69  693.122  11.3094 2.19412
1802.22  696.869  11.3026 2.19309
1810.8  700.631  11.2959 2.19206
1819.4  704.405  11.2891 2.19103
1828.04  708.192  11.2823 2.18999
1836.71  711.993  11.2755 2.18895
1845.42  715.807  11.2687 2.1879
1854.16  719.635  11.2622 2.18685
1862.94  723.475  11.2554 2.1858
1871.75  727.329  11.2489 2.18474
1880.6  731.197  11.2421 2.18368
1889.48  735.078  11.2356 2.18262
1898.4  738.972  11.2288 2.18155
1907.35  742.88  11.2223 2.18048
1916.33  746.802  11.2158 2.17941
1925.35  750.737  11.209 2.17834
1934.41  754.686  11.2025 2.17726
1943.5  758.648  11.196 2.17618
1952.63  762.624  11.1895 2.17509
1961.79  766.613  11.183 2.17401
1970.99  770.617  11.1765 2.17292
1980.23  774.634  11.17 2.17182
1989.5  778.665  11.1636 2.17073
1998.8  782.709  11.1573 2.16963
2008.14  786.768  11.1509 2.16853
2017.52  790.84  11.1444 2.16743
2026.94  794.927  11.1382 2.16632
2036.39  799.027  11.1317 2.16522
2045.88  803.141  11.1252 2.16411
2055.4  807.269  11.119 2.16299
2064.96  811.412  11.1128 2.16188
2074.56  815.568  11.1063 2.16076
2084.19  819.738  11.1001 2.15964
2093.87  823.923  11.0939 2.15852
2103.57  828.122  11.0877 2.1574
2113.32  832.334  11.0815 2.15627
2123.1  836.562  11.075 2.15515
2132.92  840.803  11.0688 2.15402
2142.78  845.059  11.0628 2.15289
2152.68  849.329  11.0566 2.15175
2162.61  853.613  11.0504 2.15062
2172.58  857.912  11.0442 2.14948
2182.59  862.225  11.038 2.14835
2192.64  866.552  11.0321 2.14721
2202.72  870.895  11.0259 2.14607
2212.84  875.251  11.02 2.14492
2223.01  879.622  11.0138 2.14378
2233.2  884.008  11.0079 2.14263
2243.44  888.408  11.0017 2.14149
2253.72  892.823  10.9958 2.14034
2264.04  897.253  10.9899 2.13919
2274.39  901.698  10.9837 2.13804
2284.78  906.157  10.9778 2.13688
2295.22  910.631  10.9719 2.13573
2305.69  915.119  10.966 2.13457
2316.2  919.623  10.9601 2.13342
2326.75  924.141  10.9542 2.13226
2337.34  928.675  10.9483 2.1311
2347.97  933.223  10.9424 2.12994
2358.63  937.786  10.9367 2.12878
2369.34  942.365  10.9308 2.12762
2380.09  946.958  10.9249 2.12646
