5.000000000000000e-02  6.926023984980247e+00  6.114361144291241e-02
5.500000000000000e-02  7.329966979199071e+00  7.492943496271036e-02
6.000000000000000e-02  7.720232424837832e+00  9.155989936177777e-02
6.500000000000000e-02  8.100485844721334e+00  1.106210313859480e-01
6.999999999999999e-02  8.474020212996948e+00  1.320050812203143e-01
7.499999999999998e-02  8.843806247964949e+00  1.557268354539867e-01
7.999999999999999e-02  9.212529634345174e+00  1.818457526018389e-01
8.499999999999999e-02  9.582619765619256e+00  2.104354459481386e-01
8.999999999999998e-02  9.956272783587792e+00  2.415726142236804e-01
9.499999999999997e-02  1.033547065402308e+01  2.753335880025551e-01
9.999999999999998e-02  1.072199739733333e+01  3.117936551245893e-01
1.050000000000000e-01  1.111745321370154e+01  3.510272560173144e-01
1.100000000000000e-01  1.152326700321510e+01  3.931083446325534e-01
1.150000000000000e-01  1.194070762800357e+01  4.381106925597650e-01
1.200000000000000e-01  1.237089416186473e+01  4.861080947181446e-01
1.250000000000000e-01  1.281480530520730e+01  5.371744936333238e-01
1.299999999999999e-01  1.327328809516621e+01  5.913840510035997e-01
1.350000000000000e-01  1.374706601196249e+01  6.488111911704675e-01
1.400000000000000e-01  1.423674655525792e+01  7.095306334542703e-01
1.450000000000000e-01  1.474282835167833e+01  7.736174233964872e-01
1.500000000000000e-01  1.526570784026171e+01  8.411469678877317e-01
1.550000000000000e-01  1.580568557568859e+01  9.121950758811105e-01
1.599999999999999e-01  1.636297218070467e+01  9.868380045082124e-01
1.649999999999999e-01  1.693769397636879e+01  1.065152509487026e+00
1.699999999999999e-01  1.752989831181276e+01  1.147215898403257e+00
1.749999999999999e-01  1.813955861542399e+01  1.233106085485397e+00
1.799999999999999e-01  1.876657918527690e+01  1.322901646725297e+00
1.849999999999999e-01  1.941079973326850e+01  1.416681874493201e+00
1.899999999999999e-01  2.007199969975682e+01  1.514526831100228e+00
1.950000000000000e-01  2.074990234984853e+01  1.616517401045098e+00
1.999999999999999e-01  2.144417866451568e+01  1.722735341903326e+00
2.049999999999999e-01  2.215445103663842e+01  1.833263334006226e+00
2.099999999999999e-01  2.288029678277326e+01  1.948185029182118e+00
2.149999999999999e-01  2.362125148013820e+01  2.067585098924442e+00
2.199999999999999e-01  2.437681213667565e+01  2.191549282397798e+00
2.249999999999999e-01  2.514644020409833e+01  2.320164434721135e+00
2.299999999999999e-01  2.592956443995990e+01  2.453518575960620e+00
2.349999999999999e-01  2.672558362696782e+01  2.591700941251400e+00
2.399999999999999e-01  2.753386915664032e+01  2.734802032436527e+00
2.449999999999999e-01  2.835376748237832e+01  2.882913671575702e+00
2.499999999999999e-01  2.918460244946618e+01  3.036129056637613e+00
2.549999999999999e-01  3.002567750847811e+01  3.194542819645564e+00
2.599999999999999e-01  3.087627781383890e+01  3.358251087507115e+00
2.649999999999999e-01  3.173567221764279e+01  3.527351545720183e+00
2.699999999999999e-01  3.260311516051479e+01  3.701943505109733e+00
2.749999999999999e-01  3.347784846437571e+01  3.882127971720515e+00
2.799999999999999e-01  3.435910303355740e+01  4.068007719961659e+00
2.849999999999999e-01  3.524610046571070e+01  4.259687369075366e+00
2.899999999999999e-01  3.613805457891067e+01  4.457273462985007e+00
2.949999999999999e-01  3.703417285773867e+01  4.660874553560156e+00
2.999999999999999e-01  3.793365782196452e+01  4.870601287328879e+00
3.049999999999999e-01  3.883570832116857e+01  5.086566495658936e+00
3.099999999999999e-01  3.973952075961461e+01  5.308885288426522e+00
3.149999999999998e-01  4.064429025321988e+01  5.537675151193655e+00
3.199999999999998e-01  4.154921172294780e+01  5.773056045915175e+00
3.249999999999998e-01  4.245348092605855e+01  6.015150515208776e+00
3.299999999999998e-01  4.335629542957395e+01  6.264083790223278e+00
3.349999999999999e-01  4.425685552698269e+01  6.519983902158843e+00
3.399999999999999e-01  4.515436510192012e+01  6.782981797502006e+00
