6.877175340000000e-15  6.405738200000000e-12  5.257691250000000e-22  2.813409263734177e-09  9.314490155962446e+02
1.006288100000000e-14  9.352082889999999e-12  8.815042570000000e-21  2.186617134833556e-09  9.293643538878222e+02
1.472429720000000e-14  1.369951900000000e-11  1.647447520000000e-20  5.520344712950038e-09  9.304022345103491e+02
2.154501570000000e-14  2.003968630000000e-11  5.067567530000000e-20  1.111130581814773e-08  9.301309699521673e+02
3.152528740000000e-14  2.933007890000000e-11  1.638374650000000e-19  1.865468399862667e-08  9.303667462786545e+02
4.612870830000000e-14  4.298524340000000e-11  4.391424200000000e-19  2.761581259055408e-08  9.318544876562785e+02
6.749685430000000e-14  6.303537280000000e-11  1.021911300000000e-18  3.932671153947875e-08  9.339009125038779e+02
9.876334090000000e-14  9.241358550000000e-11  2.205499440000000e-18  5.742756293366193e-08  9.357073876132864e+02
1.445133640000000e-13  1.353336070000000e-10  4.713266210000000e-18  8.678728104201390e-08  9.364781772934592e+02
2.114561160000000e-13  1.979044060000000e-10  1.032264330000000e-17  1.320617547730763e-07  9.359124723668115e+02
3.094086780000000e-13  2.891328440000000e-10  2.286928370000000e-17  1.971152375917903e-07  9.344691581962795e+02
4.527356880000000e-13  4.222534810000000e-10  5.038633290000000e-17  2.835888055634252e-07  9.326711866954321e+02
6.624558950000000e-13  6.167718990000000e-10  1.085368820000000e-16  3.915111790099320e-07  9.310385977271467e+02
9.693245410000000e-13  9.014808160000000e-10  2.254117050000000e-16  5.236542195305331e-07  9.300095100054884e+02
1.418343580000000e-12  1.318451940000000e-09  4.529170090000000e-16  6.882544663325680e-07  9.295719397672382e+02
2.075361170000000e-12  1.929162820000000e-09  8.890036259999999e-16  9.000259595644802e-07  9.295556536810534e+02
3.036728230000000e-12  2.823520870000000e-09  1.721210840000000e-15  1.183807070368383e-06  9.297910044491666e+02
4.443428190000000e-12  4.132867060000000e-09  3.319045120000000e-15  1.578137870214019e-06  9.301085113395566e+02
6.501752070000000e-12  6.048824320000000e-09  6.436395800000000e-15  2.123900631335279e-06  9.303385750905447e+02
9.513550860000001e-12  8.851168150000001e-09  1.261723720000000e-14  2.845174522166043e-06  9.303761442483318e+02
1.392050160000000e-11  1.295045620000000e-08  2.478161980000000e-14  3.759262088618311e-06  9.303171217350243e+02
2.036887870000000e-11  1.894883530000000e-08  4.824475860000000e-14  4.911442286541495e-06  9.302860419488187e+02
2.980432990000000e-11  2.772650080000000e-08  9.293535120000000e-14  6.384838769847476e-06  9.302874390526459e+02
4.361055380000000e-11  4.056848160000000e-08  1.778783000000000e-13  8.272821201581557e-06  9.302486655947945e+02
6.381221809999999e-11  5.935453970000000e-08  3.391033200000000e-13  1.065954292217494e-05  9.301491245815197e+02
9.337187500000000e-11  8.684202150000000e-08  6.431535690000000e-13  1.364009560243928e-05  9.300730509435416e+02
1.366244160000000e-10  1.270734380000000e-07  1.211998890000000e-12  1.735023097610456e-05  9.301020543713795e+02
1.999127800000000e-10  1.859599570000000e-07  2.270091640000000e-12  2.194681558418307e-05  9.302168030059909e+02
2.925181370000000e-10  2.721418200000000e-07  4.230194880000000e-12  2.752446057132433e-05  9.303561583768735e+02
4.280209610000000e-10  3.982507480000000e-07  7.833051110000000e-12  3.409856671772270e-05  9.304651345126764e+02
6.262925950000000e-10  5.827488730000000e-07  1.435572430000000e-11  4.192132317945919e-05  9.304967572294224e+02
9.164093590000000e-10  8.526285319999999e-07  2.600214100000000e-11  5.184980507376178e-05  9.304297536544473e+02
1.340916560000000e-09  1.247471860000000e-06  4.700417010000000e-11  6.425653191523286e-05  9.303478690501815e+02
1.962067730000000e-09  1.825334560000000e-06  8.572862740000000e-11  7.644980755898894e-05  9.303553902430268e+02
2.870954000000000e-09  2.671085190000000e-06  1.545053570000000e-10  8.597686065899148e-05  9.304362575495810e+02
4.200862560000000e-09  3.908524130000000e-06  2.624878290000000e-10  9.835778228715611e-05  9.304723879919081e+02
6.146823070000000e-09  5.719173450000000e-06  4.365048030000000e-10  1.183815938028140e-04  9.304985501726831e+02
8.994208519999999e-09  8.369769510000000e-06  7.676505050000000e-10  1.411479388328580e-04  9.306585612165684e+02
1.316058490000000e-08  1.224922650000000e-05  1.337689630000000e-09  1.637558219484051e-04  9.308525633712526e+02
1.925694680000000e-08  1.792456150000000e-05  2.284863740000000e-09  1.889085433655797e-04  9.309287993535921e+02
2.817731910000000e-08  2.622328340000000e-05  3.895975170000000e-09  2.172353654466793e-04  9.307904446867693e+02
4.122986470000000e-08  3.836731950000000e-05  6.609468030000000e-09  2.504324850276245e-04  9.307313823911238e+02
6.032872520000000e-08  5.615318810000000e-05  1.112492420000000e-08  2.916122624354423e-04  9.309713215057295e+02
8.827472799999999e-08  8.217704080000000e-05  1.894782330000000e-08  3.270601554680807e-04  9.311383958418994e+02
1.291661240000000e-07  1.202416410000000e-04  3.225091750000000e-08  3.550105276099419e-04  9.311566236786666e+02
1.889995920000000e-07  1.760170220000000e-04  5.127435330000000e-08  3.991773405834283e-04  9.315802986140839e+02
2.765496450000000e-07  2.575238090000000e-04  8.473300910000000e-08  4.652717945253504e-04  9.315092124204317e+02
4.046554040000000e-07  3.768255110000000e-04  1.415395900000000e-07  5.089982768795080e-04  9.315754759820285e+02
5.921034400000000e-07  5.514135930000000e-04  2.396595110000000e-07  5.400668818618887e-04  9.316839174435466e+02
8.663828040000000e-07  8.073182350000000e-04  3.611410030000000e-07  6.173051616085368e-04  9.322430827043517e+02
1.267716270000000e-06  1.181077880000000e-03  6.111748349999999e-07  7.166335882583596e-04  9.321400086117060e+02
1.854958950000000e-06  1.728783490000000e-03  1.012996900000000e-06  8.023096363402300e-04  9.325254809008037e+02
2.714229350000000e-06  2.530064250000000e-03  1.675872650000000e-06  8.942270199542205e-04  9.327657305931056e+02
3.971538540000000e-06  3.704002120000000e-03  2.722985870000000e-06  1.007327917898491e-03  9.333222046159473e+02
5.811269550000000e-06  5.422732570000000e-03  4.525088210000000e-06  1.108490745142107e-03  9.339194493585313e+02
8.503216949999999e-06  7.933132390000000e-03  7.401475510000000e-06  1.188407017951474e-03  9.338270341920420e+02
1.244215190000000e-05  1.161366880000000e-02  1.176528760000000e-05  1.305732156858613e-03  9.343587975002940e+02
1.820571490000000e-05  1.700369730000000e-02  1.878011050000000e-05  1.455447779540018e-03  9.350073591726958e+02
2.663912630000000e-05  2.487976910000000e-02  3.092842620000000e-05  1.607157307671236e-03  9.351169120813095e+02
3.897913680000000e-05  3.643546990000000e-02  4.919662510000000e-05  1.758918059514722e-03  9.360049893434276e+02
5.703539530000000e-05  5.332333610000000e-02  8.054522240000000e-05  1.906059704701213e-03  9.363287664002568e+02
8.345583280000000e-05  7.811012800000000e-02  1.271488100000000e-04  2.061971596304155e-03  9.374692479253530e+02
1.221149780000000e-04  1.143914030000000e-01  2.047265170000000e-04  2.039359615682506e-03  9.384281223634990e+02
1.786821520000000e-04  1.674246320000000e-01  3.230233560000000e-04  1.600802669757373e-03  9.388047629737524e+02
2.614528700000000e-04  2.451195620000000e-01  4.422022210000000e-04  1.162815686349219e-03  9.392199986980445e+02
3.825653680000000e-04  3.590197680000000e-01  5.162210550000000e-04  1.106677331286199e-03  9.398027608578516e+02
5.597806630000000e-04  5.254093320000000e-01  7.461468929999999e-04  1.095131073457790e-03  9.399315011583384e+02
8.190871850000000e-04  7.693261770000001e-01  1.002546250000000e-03  9.753900128112598e-04  9.404721955819635e+02
1.198511960000000e-03  1.126512170000000e+00  1.327992040000000e-03  9.196925027489675e-04  9.410337148742345e+02
1.753697210000000e-03  1.649067030000000e+00  1.784101810000000e-03  9.951297421676979e-04  9.413547118604357e+02
2.566060250000000e-03  2.413688200000000e+00  2.541885120000000e-03  1.193349379865733e-03  9.416108156930454e+02
3.754733250000000e-03  3.533206730000000e+00  3.896861530000000e-03  1.503893956503460e-03  9.420385833081484e+02
5.494033810000000e-03  5.172791210000000e+00  6.447989870000000e-03  1.908953616623377e-03  9.427024621586738e+02
8.039028480000000e-03  7.570887920000000e+00  1.121206980000000e-02  2.393597512737900e-03  9.431612300744082e+02
1.176293800000000e-02  1.108433420000000e+01  1.993669450000000e-02  2.959651699404073e-03  9.440048816460650e+02
1.721186960000000e-02  1.623544830000000e+01  3.572154050000000e-02  3.635057168378583e-03  9.453458699512807e+02
2.518490320000000e-02  2.378098950000000e+01  6.395848899999999e-02  4.508004095003215e-03  9.467953003289686e+02
3.685127550000000e-02  3.483353870000000e+01  1.148897000000000e-01  5.757041670280567e-03  9.483641454961306e+02
5.392184750000000e-02  5.103987660000000e+01  2.100938510000000e-01  7.034778110326960e-03  9.504490819050665e+02
7.890000000000000e-02  7.483199999999999e+01  3.962700000000000e-01  7.825116988086909e-03  9.534634980988593e+02
