     0.9894025631e-01    0.9387292801e+02    0.1500000000e+01    0.2272787402e+00    0.1892554078e+02
     0.9959516428e-01    0.9450439448e+02    0.1527511593e+01    0.2301835410e+00    0.1880612335e+02
     0.1002552734e+00    0.9514097621e+02    0.1555527778e+01    0.2331229625e+00    0.1869050404e+02
     0.1009206079e+00    0.9578279552e+02    0.1584057809e+01    0.2360972152e+00    0.1857851528e+02
     0.1015911936e+00    0.9642992738e+02    0.1613111112e+01    0.2391065014e+00    0.1846993367e+02
     0.1022670645e+00    0.9708233404e+02    0.1642697283e+01    0.2421510262e+00    0.1836475919e+02
     0.1029482759e+00    0.9774001948e+02    0.1672826096e+01    0.2452310061e+00    0.1826282429e+02
     0.1036349146e+00    0.9840316388e+02    0.1703507503e+01    0.2483466491e+00    0.1816396140e+02
     0.1043270845e+00    0.9907188034e+02    0.1734751640e+01    0.2514981498e+00    0.1806811467e+02
     0.1050248939e+00    0.9974617952e+02    0.1766568827e+01    0.2546857005e+00    0.1797517238e+02
     0.1057282978e+00    0.1004260637e+03    0.1798969576e+01    0.2579094995e+00    0.1788496698e+02
     0.1064371269e+00    0.1011114929e+03    0.1831964588e+01    0.2611697511e+00    0.1779749845e+02
     0.1071511961e+00    0.1018022875e+03    0.1865564764e+01    0.2644666780e+00    0.1771259925e+02
     0.1078704489e+00    0.1024983126e+03    0.1899781203e+01    0.2678005340e+00    0.1763015765e+02
     0.1085953314e+00    0.1032000342e+03    0.1934625208e+01    0.2711715572e+00    0.1755017367e+02
     0.1093264567e+00    0.1039080437e+03    0.1970108289e+01    0.2745799201e+00    0.1747253558e+02
     0.1100645336e+00    0.1046229368e+03    0.2006242168e+01    0.2780257273e+00    0.1739713168e+02
     0.1108107187e+00    0.1053458188e+03    0.2043038780e+01    0.2815089892e+00    0.1732390611e+02
     0.1115666111e+00    0.1060783211e+03    0.2080510281e+01    0.2850295417e+00    0.1725280303e+02
     0.1123339905e+00    0.1068222265e+03    0.2118669049e+01    0.2885870094e+00    0.1718376657e+02
     0.1131139228e+00    0.1075786587e+03    0.2157527689e+01    0.2921808176e+00    0.1711668503e+02
     0.1139055619e+00    0.1083469109e+03    0.2197099038e+01    0.2958103809e+00    0.1705155840e+02
     0.1147076782e+00    0.1091256762e+03    0.2237396168e+01    0.2994752583e+00    0.1698833084e+02
     0.1155191181e+00    0.1099135881e+03    0.2278432390e+01    0.3031752010e+00    0.1692689062e+02
     0.1163395046e+00    0.1107104338e+03    0.2320221260e+01    0.3069100713e+00    0.1686718191e+02
     0.1171686437e+00    0.1115161978e+03    0.2362776582e+01    0.3106797425e+00    0.1680920469e+02
     0.1180063396e+00    0.1123307340e+03    0.2406112414e+01    0.3144841067e+00    0.1675284725e+02
     0.1188524915e+00    0.1131539068e+03    0.2450243071e+01    0.3183230819e+00    0.1669805375e+02
     0.1197070243e+00    0.1139854585e+03    0.2495183131e+01    0.3221966170e+00    0.1664482419e+02
     0.1205698564e+00    0.1148250535e+03    0.2540947440e+01    0.3261047108e+00    0.1659304684e+02
     0.1214409068e+00    0.1156728042e+03    0.2587551114e+01    0.3300473855e+00    0.1654272172e+02
     0.1223200896e+00    0.1165289006e+03    0.2635009550e+01    0.3340246451e+00    0.1649373712e+02
     0.1232073301e+00    0.1173934273e+03    0.2683338424e+01    0.3380364825e+00    0.1644609302e+02
     0.1241026179e+00    0.1182663795e+03    0.2732553700e+01    0.3420828924e+00    0.1639973359e+02
     0.1250059612e+00    0.1191476071e+03    0.2782671637e+01    0.3461638856e+00    0.1635460296e+02
     0.1259173594e+00    0.1200369169e+03    0.2833708790e+01    0.3502795060e+00    0.1631064528e+02
     0.1268367870e+00    0.1209342517e+03    0.2885682019e+01    0.3544298190e+00    0.1626791640e+02
     0.1277642142e+00    0.1218394484e+03    0.2938608492e+01    0.3586149095e+00    0.1622624877e+02
     0.1286995745e+00    0.1227525316e+03    0.2992505692e+01    0.3628348850e+00    0.1618569823e+02
     0.1296427539e+00    0.1236738262e+03    0.3047391425e+01    0.3670898310e+00    0.1614615307e+02
     0.1305936423e+00    0.1246035682e+03    0.3103283820e+01    0.3713798002e+00    0.1610766915e+02
     0.1315522452e+00    0.1255416604e+03    0.3160201341e+01    0.3757048406e+00    0.1607013477e+02
     0.1325186394e+00    0.1264877109e+03    0.3218162790e+01    0.3800650407e+00    0.1603354991e+02
     0.1334928857e+00    0.1274413892e+03    0.3277187313e+01    0.3844605513e+00    0.1599785874e+02
     0.1344749630e+00    0.1284030229e+03    0.3337294409e+01    0.3888915279e+00    0.1596306123e+02
     0.1354648381e+00    0.1293730024e+03    0.3398503933e+01    0.3933580792e+00    0.1592915741e+02
     0.1364624843e+00    0.1303513878e+03    0.3460836104e+01    0.3978602857e+00    0.1589603555e+02
     0.1374678833e+00    0.1313378510e+03    0.3524311514e+01    0.4023982549e+00    0.1586375151e+02
     0.1384810236e+00    0.1323320235e+03    0.3588951130e+01    0.4069721522e+00    0.1583224943e+02
     0.1395019052e+00    0.1333340971e+03    0.3654776306e+01    0.4115821619e+00    0.1580147347e+02
     0.1405305358e+00    0.1343443496e+03    0.3721808784e+01    0.4162284369e+00    0.1577142362e+02
     0.1415668893e+00    0.1353628480e+03    0.3790070710e+01    0.4209111111e+00    0.1574204403e+02
     0.1426109031e+00    0.1363894055e+03    0.3859584632e+01    0.4256303326e+00    0.1571339055e+02
     0.1436625678e+00    0.1374238243e+03    0.3930373513e+01    0.4303862862e+00    0.1568540732e+02
     0.1447220514e+00    0.1384663219e+03    0.4002460738e+01    0.4351791601e+00    0.1565803850e+02
     0.1457895505e+00    0.1395171233e+03    0.4075870119e+01    0.4400091147e+00    0.1563128408e+02
     0.1468649041e+00    0.1405762838e+03    0.4150625905e+01    0.4448762961e+00    0.1560514406e+02
     0.1479477035e+00    0.1416436767e+03    0.4226752793e+01    0.4497808608e+00    0.1557961844e+02
     0.1490377753e+00    0.1427191529e+03    0.4304275928e+01    0.4547229921e+00    0.1555459552e+02
     0.1501353752e+00    0.1438026373e+03    0.4383220920e+01    0.4597028906e+00    0.1553013114e+02
     0.1512407502e+00    0.1448940167e+03    0.4463613846e+01    0.4647207768e+00    0.1550622532e+02
     0.1523538439e+00    0.1459934332e+03    0.4545481265e+01    0.4697768740e+00    0.1548282218e+02
     0.1534745319e+00    0.1471010113e+03    0.4628850219e+01    0.4748713899e+00    0.1545992174e+02
     0.1546027781e+00    0.1482167866e+03    0.4713748248e+01    0.4800045260e+00    0.1543746813e+02
     0.1557386040e+00    0.1493406757e+03    0.4800203397e+01    0.4851764908e+00    0.1541551722e+02
     0.1568820350e+00    0.1504726474e+03    0.4888244225e+01    0.4903875086e+00    0.1539401314e+02
     0.1580330995e+00    0.1516127473e+03    0.4977899816e+01    0.4956378034e+00    0.1537295591e+02
     0.1591917719e+00    0.1527610181e+03    0.5069199785e+01    0.5009276001e+00    0.1535234551e+02
     0.1603579099e+00    0.1539176029e+03    0.5162174293e+01    0.5062571134e+00    0.1533212609e+02
     0.1615314689e+00    0.1550825296e+03    0.5256854052e+01    0.5116265493e+00    0.1531229766e+02
     0.1627127499e+00    0.1562556482e+03    0.5353270338e+01    0.5170361248e+00    0.1529291606e+02
     0.1639020206e+00    0.1574367339e+03    0.5451455001e+01    0.5224860895e+00    0.1527386960e+02
     0.1650989180e+00    0.1586259388e+03    0.5551440476e+01    0.5279767026e+00    0.1525515826e+02
     0.1663029483e+00    0.1598234543e+03    0.5653259790e+01    0.5335081997e+00    0.1523683791e+02
     0.1675141924e+00    0.1610293478e+03    0.5756946578e+01    0.5390808022e+00    0.1521890853e+02
     0.1687329743e+00    0.1622435488e+03    0.5862535093e+01    0.5446947349e+00    0.1520125844e+02
     0.1699593451e+00    0.1634659435e+03    0.5970060212e+01    0.5503502386e+00    0.1518394347e+02
     0.1711932103e+00    0.1646963500e+03    0.6079557457e+01    0.5560475763e+00    0.1516696363e+02
     0.1724345486e+00    0.1659349229e+03    0.6191062998e+01    0.5617870215e+00    0.1515031891e+02
     0.1736833909e+00    0.1671820043e+03    0.6304613668e+01    0.5675688104e+00    0.1513395347e+02
     0.1749397068e+00    0.1684375428e+03    0.6420246979e+01    0.5733931581e+00    0.1511786731e+02
     0.1762034281e+00    0.1697011421e+03    0.6538001127e+01    0.5792603161e+00    0.1510206042e+02
     0.1774745939e+00    0.1709728678e+03    0.6657915011e+01    0.5851705690e+00    0.1508653280e+02
     0.1787533207e+00    0.1722531411e+03    0.6780028243e+01    0.5911241621e+00    0.1507128446e+02
     0.1800395249e+00    0.1735420164e+03    0.6904381162e+01    0.5971213067e+00    0.1505631539e+02
     0.1813330006e+00    0.1748392097e+03    0.7031014845e+01    0.6031622351e+00    0.1504156973e+02
     0.1826339625e+00    0.1761446729e+03    0.7159971124e+01    0.6092472083e+00    0.1502704750e+02
     0.1839428736e+00    0.1774585045e+03    0.7291292599e+01    0.6153764800e+00    0.1501280454e+02
     0.1852594920e+00    0.1787807921e+03    0.7425022649e+01    0.6215502942e+00    0.1499878500e+02
     0.1865832144e+00    0.1801115727e+03    0.7561205450e+01    0.6277688867e+00    0.1498498888e+02
     0.1879141055e+00    0.1814509466e+03    0.7699885988e+01    0.6340324871e+00    0.1497147204e+02
     0.1892525217e+00    0.1827989433e+03    0.7841110075e+01    0.6403413136e+00    0.1495806690e+02
     0.1905984730e+00    0.1841553130e+03    0.7984924361e+01    0.6466955982e+00    0.1494494103e+02
     0.1919518767e+00    0.1855198100e+03    0.8131376354e+01    0.6530956142e+00    0.1493198274e+02
     0.1933127793e+00    0.1868930738e+03    0.8280514432e+01    0.6595416122e+00    0.1491924785e+02
     0.1946812520e+00    0.1882756169e+03    0.8432387861e+01    0.6660337508e+00    0.1490668054e+02
     0.1960573102e+00    0.1896669136e+03    0.8587046810e+01    0.6725721906e+00    0.1489433664e+02
     0.1974409243e+00    0.1910665301e+03    0.8744542368e+01    0.6791571704e+00    0.1488216031e+02
     0.1988319967e+00    0.1924747412e+03    0.8904926562e+01    0.6857889329e+00    0.1487015154e+02
     0.2002306661e+00    0.1938918656e+03    0.9068252373e+01    0.6924676799e+00    0.1485831033e+02
     0.2016373202e+00    0.1953181635e+03    0.9234573752e+01    0.6991935732e+00    0.1484663669e+02
     0.2030518322e+00    0.1967535399e+03    0.9403945642e+01    0.7059667594e+00    0.1483513062e+02
     0.2044737795e+00    0.1981976740e+03    0.9576423993e+01    0.7127874176e+00    0.1482373625e+02
     0.2059032750e+00    0.1996508359e+03    0.9752065779e+01    0.7196557337e+00    0.1481256530e+02
     0.2073405540e+00    0.2011133090e+03    0.9930929023e+01    0.7265718449e+00    0.1480150606e+02
     0.2087855098e+00    0.2025847261e+03    0.1011307281e+02    0.7335358924e+00    0.1479061439e+02
     0.2102380784e+00    0.2040650171e+03    0.1029855730e+02    0.7405480601e+00    0.1477983442e+02
     0.2116983807e+00    0.2055549187e+03    0.1048744378e+02    0.7476084781e+00    0.1476922202e+02
     0.2131666267e+00    0.2070544294e+03    0.1067979464e+02    0.7547172129e+00    0.1475872133e+02
     0.2146430228e+00    0.2085629307e+03    0.1087567342e+02    0.7618743840e+00    0.1474833235e+02
     0.2161273391e+00    0.2100807827e+03    0.1107514482e+02    0.7690801332e+00    0.1473811093e+02
     0.2176194290e+00    0.2116085125e+03    0.1127827473e+02    0.7763345278e+00    0.1472794537e+02
     0.2191198048e+00    0.2131460456e+03    0.1148513027e+02    0.7836376046e+00    0.1471794737e+02
     0.2206286150e+00    0.2146933065e+03    0.1169577976e+02    0.7909894144e+00    0.1470806108e+02
     0.2221454964e+00    0.2162503784e+03    0.1191029278e+02    0.7983900021e+00    0.1469828650e+02
     0.2236704844e+00    0.2178174897e+03    0.1212874020e+02    0.8058393921e+00    0.1468862363e+02
     0.2252037563e+00    0.2193947429e+03    0.1235119417e+02    0.8133375784e+00    0.1467901662e+02
     0.2267452681e+00    0.2209817728e+03    0.1257772819e+02    0.8208845693e+00    0.1466957717e+02
     0.2282950125e+00    0.2225785699e+03    0.1280841709e+02    0.8284804068e+00    0.1466019357e+02
     0.2298531037e+00    0.2241856894e+03    0.1304333706e+02    0.8361250875e+00    0.1465092168e+02
     0.2314198829e+00    0.2258037445e+03    0.1328256571e+02    0.8438185309e+00    0.1464170565e+02
     0.2329955111e+00    0.2274328864e+03    0.1352618207e+02    0.8515605930e+00    0.1463260133e+02
     0.2345795676e+00    0.2290722875e+03    0.1377426662e+02    0.8593511749e+00    0.1462360872e+02
     0.2361722007e+00    0.2307219483e+03    0.1402690130e+02    0.8671902457e+00    0.1461461610e+02
     0.2377739957e+00    0.2323825577e+03    0.1428416956e+02    0.8750777117e+00    0.1460579105e+02
     0.2393852261e+00    0.2340544108e+03    0.1454615640e+02    0.8830134125e+00    0.1459696601e+02
     0.2410056129e+00    0.2357376705e+03    0.1481294836e+02    0.8909971593e+00    0.1458825267e+02
     0.2426345182e+00    0.2374324131e+03    0.1508463357e+02    0.8990287416e+00    0.1457959518e+02
     0.2442725732e+00    0.2391383607e+03    0.1536130177e+02    0.9071079566e+00    0.1457099355e+02
     0.2459203143e+00    0.2408555577e+03    0.1564304436e+02    0.9152346268e+00    0.1456250363e+02
     0.2475773718e+00    0.2425847542e+03    0.1592995440e+02    0.9234085108e+00    0.1455401371e+02
     0.2492435913e+00    0.2443258176e+03    0.1622212668e+02    0.9316293160e+00    0.1454557964e+02
     0.2509192794e+00    0.2460787030e+03    0.1651965772e+02    0.9398967808e+00    0.1453725729e+02
     0.2526052035e+00    0.2478443330e+03    0.1682264578e+02    0.9482105723e+00    0.1452893493e+02
     0.2543009920e+00    0.2496221737e+03    0.1713119097e+02    0.9565703125e+00    0.1452066843e+02
     0.2560064602e+00    0.2514118990e+03    0.1744539521e+02    0.9649757153e+00    0.1451245778e+02
     0.2577227334e+00    0.2532150909e+03    0.1776536229e+02    0.9734263932e+00    0.1450424714e+02
     0.2594493262e+00    0.2550314705e+03    0.1809119790e+02    0.9819218515e+00    0.1449614820e+02
     0.2611857144e+00    0.2568604779e+03    0.1842300968e+02    0.9904616830e+00    0.1448799341e+02
     0.2629326308e+00    0.2587028697e+03    0.1876090724e+02    0.9990454520e+00    0.1447995033e+02
     0.2646901336e+00    0.2605589099e+03    0.1910500221e+02    0.1007672651e+01    0.1447190724e+02
     0.2664582727e+00    0.2624285518e+03    0.1945540824e+02    0.1016342763e+01    0.1446386416e+02
     0.2682374242e+00    0.2643118230e+03    0.1981224109e+02    0.1025055273e+01    0.1445587693e+02
     0.2700276846e+00    0.2662093372e+03    0.2017561863e+02    0.1033809627e+01    0.1444794556e+02
     0.2718291529e+00    0.2681212016e+03    0.2054566090e+02    0.1042605213e+01    0.1443995833e+02
     0.2736419156e+00    0.2700473275e+03    0.2092249014e+02    0.1051441435e+01    0.1443202696e+02
     0.2754659726e+00    0.2719886471e+03    0.2130623083e+02    0.1060317641e+01    0.1442409559e+02
     0.2773024478e+00    0.2739450963e+03    0.2169700974e+02    0.1069233110e+01    0.1441622007e+02
     0.2791514617e+00    0.2759166053e+03    0.2209495594e+02    0.1078187153e+01    0.1440828869e+02
     0.2810115087e+00    0.2779039026e+03    0.2250020089e+02    0.1087179033e+01    0.1440035732e+02
     0.2828835576e+00    0.2799071228e+03    0.2291287847e+02    0.1096207955e+01    0.1439248180e+02
     0.2847681597e+00    0.2819258767e+03    0.2333312500e+02    0.1105273142e+01    0.1438455043e+02
     0.2866653125e+00    0.2839605099e+03    0.2376107929e+02    0.1114373846e+01    0.1437667491e+02
     0.2885753152e+00    0.2860125687e+03    0.2419688272e+02    0.1123509184e+01    0.1436874354e+02
     0.2904982566e+00    0.2880811781e+03    0.2464067925e+02    0.1132678228e+01    0.1436081217e+02
     0.2924340847e+00    0.2901667573e+03    0.2509261548e+02    0.1141880123e+01    0.1435288079e+02
     0.2943833595e+00    0.2922702592e+03    0.2555284069e+02    0.1151113894e+01    0.1434489356e+02
     0.2963471037e+00    0.2943912767e+03    0.2602150693e+02    0.1160378558e+01    0.1433690634e+02
     0.2983243890e+00    0.2965302288e+03    0.2649876900e+02    0.1169673142e+01    0.1432891911e+02
     0.3003151901e+00    0.2986876773e+03    0.2698478457e+02    0.1178996615e+01    0.1432093188e+02
     0.3023200113e+00    0.3008635857e+03    0.2747971418e+02    0.1188347915e+01    0.1431283294e+02
     0.3043392147e+00    0.3030581189e+03    0.2798372132e+02    0.1197726005e+01    0.1430478986e+02
     0.3063732344e+00    0.3052727840e+03    0.2849697249e+02    0.1207129742e+01    0.1429663507e+02
     0.3084220121e+00    0.3075068272e+03    0.2901963723e+02    0.1216557939e+01    0.1428848028e+02
     0.3104859838e+00    0.3097606935e+03    0.2955188820e+02    0.1226009472e+01    0.1428032549e+02
     0.3125654995e+00    0.3120347415e+03    0.3009390121e+02    0.1235483140e+01    0.1427205898e+02
     0.3146606937e+00    0.3143292156e+03    0.3064585532e+02    0.1244977766e+01    0.1426379248e+02
     0.3167719855e+00    0.3166458785e+03    0.3120793285e+02    0.1254492038e+01    0.1425547013e+02
     0.3188990480e+00    0.3189834608e+03    0.3178031948e+02    0.1264024634e+01    0.1424709192e+02
     0.3210422388e+00    0.3213431296e+03    0.3236320430e+02    0.1273574283e+01    0.1423865785e+02
     0.3232021727e+00    0.3237250917e+03    0.3295677983e+02    0.1283139609e+01    0.1423016793e+02
     0.3253790741e+00    0.3261292421e+03    0.3356124218e+02    0.1292719285e+01    0.1422167801e+02
     0.3275730927e+00    0.3285568294e+03    0.3417679100e+02    0.1302311930e+01    0.1421302052e+02
     0.3297846531e+00    0.3310084783e+03    0.3480362965e+02    0.1311916066e+01    0.1420436304e+02
     0.3320140769e+00    0.3334834891e+03    0.3544196518e+02    0.1321530249e+01    0.1419564970e+02
     0.3342622058e+00    0.3359823785e+03    0.3609200846e+02    0.1331153077e+01    0.1418682465e+02
     0.3365280357e+00    0.3385068433e+03    0.3675397422e+02    0.1340783046e+01    0.1417794375e+02
     0.3388122827e+00    0.3410567348e+03    0.3742808115e+02    0.1350418577e+01    0.1416900699e+02
     0.3411156280e+00    0.3436322826e+03    0.3811455190e+02    0.1360058143e+01    0.1415995852e+02
     0.3434381574e+00    0.3462340310e+03    0.3881361327e+02    0.1369700177e+01    0.1415085420e+02
     0.3457805001e+00    0.3488624932e+03    0.3952549615e+02    0.1379343104e+01    0.1414169402e+02
     0.3481426847e+00    0.3515186073e+03    0.4025043573e+02    0.1388985294e+01    0.1413242213e+02
     0.3505253114e+00    0.3542026637e+03    0.4098867147e+02    0.1398625083e+01    0.1412303854e+02
     0.3529294744e+00    0.3569144671e+03    0.4174044724e+02    0.1408260831e+01    0.1411359909e+02
     0.3553531795e+00    0.3596546341e+03    0.4250601137e+02    0.1417890935e+01    0.1410404793e+02
     0.3577983553e+00    0.3624252809e+03    0.4328561676e+02    0.1427513661e+01    0.1409438506e+02
     0.3602655101e+00    0.3652256767e+03    0.4407952094e+02    0.1437127254e+01    0.1408461048e+02
     0.3627543778e+00    0.3680562738e+03    0.4488798617e+02    0.1446730011e+01    0.1407478004e+02
     0.3652657601e+00    0.3709177616e+03    0.4571127951e+02    0.1456320223e+01    0.1406483790e+02
     0.3678000015e+00    0.3738116877e+03    0.4654967292e+02    0.1465896088e+01    0.1405478405e+02
     0.3703571957e+00    0.3767370190e+03    0.4740344336e+02    0.1475455853e+01    0.1404461848e+02
     0.3729390581e+00    0.3796965782e+03    0.4827287286e+02    0.1484997697e+01    0.1403434121e+02
     0.3755440148e+00    0.3826882577e+03    0.4915824861e+02    0.1494519831e+01    0.1402395223e+02
     0.3781731215e+00    0.3857152012e+03    0.5005986310e+02    0.1504020452e+01    0.1401345154e+02
     0.3808269861e+00    0.3887766058e+03    0.5097801415e+02    0.1513497713e+01    0.1400283914e+02
     0.3835061870e+00    0.3918740990e+03    0.5191300507e+02    0.1522949752e+01    0.1399211503e+02
     0.3862107232e+00    0.3950068139e+03    0.5286514472e+02    0.1532374761e+01    0.1398122335e+02
     0.3889416839e+00    0.3981772940e+03    0.5383474762e+02    0.1541770888e+01    0.1397027582e+02
     0.3916997391e+00    0.4013859803e+03    0.5482213407e+02    0.1551136207e+01    0.1395916073e+02
     0.3944839692e+00    0.4046319998e+03    0.5582763023e+02    0.1560468859e+01    0.1394793393e+02
     0.3972954744e+00    0.4079176174e+03    0.5685156826e+02    0.1569767027e+01    0.1393653956e+02
     0.4001350250e+00    0.4112431979e+03    0.5789428640e+02    0.1579028772e+01    0.1392503349e+02
     0.4030028103e+00    0.4146093411e+03    0.5895612910e+02    0.1588252242e+01    0.1391341570e+02
     0.4058992555e+00    0.4180173483e+03    0.6003744712e+02    0.1597435526e+01    0.1390163035e+02
     0.4088256940e+00    0.4214671692e+03    0.6113859766e+02    0.1606576753e+01    0.1388973329e+02
     0.4117817835e+00    0.4249607185e+03    0.6225994447e+02    0.1615674025e+01    0.1387766867e+02
     0.4147676093e+00    0.4284983070e+03    0.6340185798e+02    0.1624725437e+01    0.1386549233e+02
     0.4177844089e+00    0.4320796954e+03    0.6456471539e+02    0.1633729130e+01    0.1385314843e+02
     0.4208323925e+00    0.4357078374e+03    0.6574890084e+02    0.1642683249e+01    0.1384069283e+02
     0.4239123234e+00    0.4393822312e+03    0.6695480551e+02    0.1651585884e+01    0.1382806966e+02
     0.4270252210e+00    0.4431049538e+03    0.6818282775e+02    0.1660435139e+01    0.1381527892e+02
     0.4301709187e+00    0.4468747119e+03    0.6943337322e+02    0.1669229190e+01    0.1380237648e+02
     0.4333495523e+00    0.4506953975e+03    0.7070685503e+02    0.1677966191e+01    0.1378930647e+02
     0.4365623789e+00    0.4545658972e+03    0.7200369384e+02    0.1686644239e+01    0.1377606889e+02
     0.4398096436e+00    0.4584874845e+03    0.7332431806e+02    0.1695261560e+01    0.1376271961e+02
     0.4430924828e+00    0.4624623424e+03    0.7466916392e+02    0.1703816298e+01    0.1374920276e+02
     0.4464110132e+00    0.4664906116e+03    0.7603867569e+02    0.1712306617e+01    0.1373551835e+02
     0.4497668251e+00    0.4705731774e+03    0.7743330576e+02    0.1720730752e+01    0.1372166638e+02
     0.4531585244e+00    0.4747115921e+03    0.7885351482e+02    0.1729086880e+01    0.1370764684e+02
     0.4565881176e+00    0.4789069643e+03    0.8029977203e+02    0.1737373258e+01    0.1369351559e+02
     0.4600559716e+00    0.4831595961e+03    0.8177255513e+02    0.1745588143e+01    0.1367921677e+02
     0.4635626344e+00    0.4874718945e+03    0.8327235064e+02    0.1753729781e+01    0.1366475040e+02
     0.4671101188e+00    0.4918440144e+03    0.8479965399e+02    0.1761796476e+01    0.1365006060e+02
     0.4706965539e+00    0.4962781245e+03    0.8635496970e+02    0.1769786517e+01    0.1363525909e+02
     0.4743241210e+00    0.5007739702e+03    0.8793881156e+02    0.1777698241e+01    0.1362034588e+02
     0.4779932075e+00    0.5053340741e+03    0.8955170275e+02    0.1785530021e+01    0.1360520924e+02
     0.4817044705e+00    0.5099598844e+03    0.9119417609e+02    0.1793280207e+01    0.1358990505e+02
     0.4854600527e+00    0.5146526200e+03    0.9286677413e+02    0.1800947158e+01    0.1357443328e+02
     0.4892580123e+00    0.5194121002e+03    0.9457004940e+02    0.1808529327e+01    0.1355884981e+02
     0.4931005996e+00    0.5242416804e+03    0.9630456454e+02    0.1816025161e+01    0.1354304292e+02
     0.4969884846e+00    0.5291410776e+03    0.9807089253e+02    0.1823433129e+01    0.1352706846e+02
     0.5009219474e+00    0.5341121748e+03    0.9986961686e+02    0.1830751757e+01    0.1351098230e+02
     0.5049038905e+00    0.5391589400e+03    0.1017013317e+03    0.1837979548e+01    0.1349467271e+02
     0.5089307172e+00    0.5442776255e+03    0.1035666421e+03    0.1845115073e+01    0.1347825142e+02
     0.5130068329e+00    0.5494742570e+03    0.1054661643e+03    0.1852156962e+01    0.1346160671e+02
     0.5171328709e+00    0.5547493093e+03    0.1074005258e+03    0.1859103773e+01    0.1344485029e+02
     0.5213094452e+00    0.5601044848e+03    0.1093703655e+03    0.1865954186e+01    0.1342792630e+02
     0.5255342206e+00    0.5655388623e+03    0.1113763342e+03    0.1872706849e+01    0.1341077890e+02
     0.5298128066e+00    0.5710578850e+03    0.1134190944e+03    0.1879360554e+01    0.1339351978e+02
     0.5341413802e+00    0.5766595670e+03    0.1154993211e+03    0.1885914045e+01    0.1337609310e+02
     0.5385246772e+00    0.5823481546e+03    0.1176177013e+03    0.1892366108e+01    0.1335844300e+02
     0.5429623230e+00    0.5881235606e+03    0.1197749348e+03    0.1898715556e+01    0.1334068120e+02
     0.5474547052e+00    0.5939904941e+03    0.1219717343e+03    0.1904961286e+01    0.1332275183e+02
     0.5520019937e+00    0.5999470345e+03    0.1242088255e+03    0.1911102193e+01    0.1330465489e+02
     0.5566082488e+00    0.6059998551e+03    0.1264869473e+03    0.1917137200e+01    0.1328639039e+02
     0.5612714810e+00    0.6121448054e+03    0.1288068522e+03    0.1923065244e+01    0.1326795833e+02
     0.5659926345e+00    0.6183869558e+03    0.1311693067e+03    0.1928885425e+01    0.1324935870e+02
     0.5707743195e+00    0.6247306303e+03    0.1335750911e+03    0.1934596763e+01    0.1323059150e+02
     0.5756151998e+00    0.6311723741e+03    0.1360250001e+03    0.1940198314e+01    0.1321171260e+02
     0.5805200393e+00    0.6377193291e+03    0.1385198431e+03    0.1945689294e+01    0.1319266614e+02
     0.5854863390e+00    0.6443711519e+03    0.1410604441e+03    0.1951068813e+01    0.1317339625e+02
     0.5905153474e+00    0.6511292623e+03    0.1436476425e+03    0.1956336095e+01    0.1315401466e+02
     0.5956105711e+00    0.6579976545e+03    0.1462822928e+03    0.1961490428e+01    0.1313452135e+02
     0.6007709014e+00    0.6649776139e+03    0.1489652654e+03    0.1966531093e+01    0.1311480463e+02
     0.6059985210e+00    0.6720725562e+03    0.1516974466e+03    0.1971457425e+01    0.1309497620e+02
     0.6112933313e+00    0.6792820522e+03    0.1544797388e+03    0.1976268775e+01    0.1307498020e+02
     0.6166573939e+00    0.6866091961e+03    0.1573130613e+03    0.1980964609e+01    0.1305481664e+02
     0.6220925247e+00    0.6940613877e+03    0.1601983499e+03    0.1985544392e+01    0.1303454137e+02
     0.6275965136e+00    0.7016324220e+03    0.1631365578e+03    0.1990007608e+01    0.1301409853e+02
     0.6331737760e+00    0.7093310220e+03    0.1661286555e+03    0.1994353836e+01    0.1299348813e+02
     0.6388255410e+00    0.7171581706e+03    0.1691756315e+03    0.1998582653e+01    0.1297276603e+02
     0.6445511484e+00    0.7251161168e+03    0.1722784923e+03    0.2002693696e+01    0.1295187635e+02
     0.6503519155e+00    0.7332077888e+03    0.1754382628e+03    0.2006686639e+01    0.1293087497e+02
     0.6562325065e+00    0.7414373948e+03    0.1786559868e+03    0.2010561184e+01    0.1290970602e+02
     0.6621891754e+00    0.7498040624e+03    0.1819327274e+03    0.2014317090e+01    0.1288842537e+02
     0.6682254280e+00    0.7583130924e+03    0.1852695668e+03    0.2017954168e+01    0.1286697715e+02
     0.6743441789e+00    0.7669675400e+03    0.1886676074e+03    0.2021472262e+01    0.1284541722e+02
     0.6805437136e+00    0.7757693037e+03    0.1921279717e+03    0.2024871246e+01    0.1282374558e+02
     0.6868281221e+00    0.7847241894e+03    0.1956518028e+03    0.2028151049e+01    0.1280190638e+02
     0.6931958376e+00    0.7938289720e+03    0.1992402646e+03    0.2031311632e+01    0.1278001132e+02
     0.6996488838e+00    0.8030913143e+03    0.2028945427e+03    0.2034353017e+01    0.1275789284e+02
     0.7061913100e+00    0.8125156136e+03    0.2066158441e+03    0.2037275236e+01    0.1273571851e+02
     0.7128219397e+00    0.8221010757e+03    0.2104053981e+03    0.2040078373e+01    0.1271337661e+02
     0.7195431428e+00    0.8318556457e+03    0.2142644565e+03    0.2042762560e+01    0.1269097886e+02
     0.7263549140e+00    0.8417777358e+03    0.2181942942e+03    0.2045327953e+01    0.1266841355e+02
     0.7332609830e+00    0.8518741112e+03    0.2221962093e+03    0.2047774770e+01    0.1264573652e+02
     0.7402606214e+00    0.8621466698e+03    0.2262715238e+03    0.2050103246e+01    0.1262300364e+02
     0.7473583949e+00    0.8726017852e+03    0.2304215838e+03    0.2052313667e+01    0.1260010320e+02
     0.7545511526e+00    0.8832384524e+03    0.2346477604e+03    0.2054406340e+01    0.1257709105e+02
     0.7618438777e+00    0.8940646034e+03    0.2389514495e+03    0.2056381622e+01    0.1255402304e+02
     0.7692374873e+00    0.9050802564e+03    0.2433340729e+03    0.2058239899e+01    0.1253084332e+02
     0.7767328457e+00    0.9162922928e+03    0.2477970782e+03    0.2059981620e+01    0.1250755190e+02
     0.7843322792e+00    0.9277027773e+03    0.2523419398e+03    0.2061607231e+01    0.1248414876e+02
     0.7920373358e+00    0.9393190886e+03    0.2569701590e+03    0.2063117227e+01    0.1246068977e+02
     0.7998484430e+00    0.9511401735e+03    0.2616832646e+03    0.2064512146e+01    0.1243711907e+02
     0.8077691091e+00    0.9631730062e+03    0.2664828136e+03    0.2065792558e+01    0.1241343666e+02
     0.8157998659e+00    0.9754228713e+03    0.2713703914e+03    0.2066959056e+01    0.1238969840e+02
     0.8239424626e+00    0.9878917084e+03    0.2763476126e+03    0.2068012263e+01    0.1236590428e+02
     0.8321992849e+00    0.1000587605e+04    0.2814161213e+03    0.2068952843e+01    0.1234199845e+02
     0.8405724070e+00    0.1013506463e+04    0.2865775918e+03    0.2069781477e+01    0.1231803676e+02
     0.8490614328e+00    0.1026666338e+04    0.2918337292e+03    0.2070498922e+01    0.1229396337e+02
     0.8576695569e+00    0.1040060608e+04    0.2971862698e+03    0.2071105909e+01    0.1226983412e+02
     0.8663994514e+00    0.1053698783e+04    0.3026369816e+03    0.2071603227e+01    0.1224564902e+02
     0.8752518233e+00    0.1067587724e+04    0.3081876652e+03    0.2071991676e+01    0.1222140806e+02
     0.8842294190e+00    0.1081728018e+04    0.3138401543e+03    0.2072272086e+01    0.1219711125e+02
     0.8933312668e+00    0.1096124698e+04    0.3195963160e+03    0.2072445336e+01    0.1217270273e+02
     0.9025642354e+00    0.1110783931e+04    0.3254580519e+03    0.2072512323e+01    0.1214829421e+02
     0.9119262577e+00    0.1125714256e+04    0.3314272982e+03    0.2072473946e+01    0.1212382983e+02
