     0.1363655001e+00    0.1297778233e+03    0.1500000000e+01    0.1158160984e+00    0.2314262949e+02
     0.1369974355e+00    0.1303862532e+03    0.1527511593e+01    0.1174711165e+00    0.2263060909e+02
     0.1376329256e+00    0.1309982053e+03    0.1555527778e+01    0.1191599677e+00    0.2214819171e+02
     0.1382720033e+00    0.1316138611e+03    0.1584057809e+01    0.1208829250e+00    0.2169308729e+02
     0.1389147127e+00    0.1322332748e+03    0.1613111112e+01    0.1226402663e+00    0.2126322921e+02
     0.1395611125e+00    0.1328562980e+03    0.1642697283e+01    0.1244322833e+00    0.2085688598e+02
     0.1402112425e+00    0.1334828852e+03    0.1672826096e+01    0.1262592860e+00    0.2047227024e+02
     0.1408651085e+00    0.1341132457e+03    0.1703507503e+01    0.1281215888e+00    0.2010792977e+02
     0.1415227240e+00    0.1347474406e+03    0.1734751640e+01    0.1300195083e+00    0.1976252406e+02
     0.1421841162e+00    0.1353853524e+03    0.1766568827e+01    0.1319533732e+00    0.1943476844e+02
     0.1428493441e+00    0.1360270756e+03    0.1798969576e+01    0.1339235244e+00    0.1912343412e+02
     0.1435184968e+00    0.1366728270e+03    0.1831964588e+01    0.1359303012e+00    0.1882757157e+02
     0.1441916841e+00    0.1373226442e+03    0.1865564764e+01    0.1379740445e+00    0.1854611953e+02
     0.1448690070e+00    0.1379764407e+03    0.1899781203e+01    0.1400551066e+00    0.1827829605e+02
     0.1455504441e+00    0.1386343372e+03    0.1934625208e+01    0.1421738477e+00    0.1802315160e+02
     0.1462359411e+00    0.1392963768e+03    0.1970108289e+01    0.1443306301e+00    0.1778001592e+02
     0.1469254490e+00    0.1399623862e+03    0.2006242168e+01    0.1465258279e+00    0.1754816290e+02
     0.1476189644e+00    0.1406323234e+03    0.2043038780e+01    0.1487598333e+00    0.1732692227e+02
     0.1483165523e+00    0.1413064830e+03    0.2080510281e+01    0.1510330362e+00    0.1711573550e+02
     0.1490183005e+00    0.1419850266e+03    0.2118669049e+01    0.1533458195e+00    0.1691398818e+02
     0.1497243060e+00    0.1426679608e+03    0.2157527689e+01    0.1556985692e+00    0.1672123347e+02
     0.1504346132e+00    0.1433553843e+03    0.2197099038e+01    0.1580916765e+00    0.1653696869e+02
     0.1511492531e+00    0.1440473075e+03    0.2237396168e+01    0.1605255342e+00    0.1636069113e+02
     0.1518682700e+00    0.1447435129e+03    0.2278432390e+01    0.1630005492e+00    0.1619200981e+02
     0.1525916995e+00    0.1454439325e+03    0.2320221260e+01    0.1655171486e+00    0.1603058961e+02
     0.1533195606e+00    0.1461488224e+03    0.2362776582e+01    0.1680757568e+00    0.1587598369e+02
     0.1540518829e+00    0.1468582857e+03    0.2406112414e+01    0.1706767927e+00    0.1572791278e+02
     0.1547887081e+00    0.1475723114e+03    0.2450243071e+01    0.1733206802e+00    0.1558598588e+02
     0.1555300859e+00    0.1482910590e+03    0.2495183131e+01    0.1760078449e+00    0.1544997959e+02
     0.1562760805e+00    0.1490145723e+03    0.2540947440e+01    0.1787387100e+00    0.1531961463e+02
     0.1570267661e+00    0.1497427043e+03    0.2587551114e+01    0.1815137099e+00    0.1519455587e+02
     0.1577821552e+00    0.1504755247e+03    0.2635009550e+01    0.1843332899e+00    0.1507457989e+02
     0.1585422271e+00    0.1512131541e+03    0.2683338424e+01    0.1871978917e+00    0.1495951912e+02
     0.1593069708e+00    0.1519555048e+03    0.2732553700e+01    0.1901079619e+00    0.1484903845e+02
     0.1600764392e+00    0.1527026289e+03    0.2782671637e+01    0.1930639582e+00    0.1474302615e+02
     0.1608507602e+00    0.1534547833e+03    0.2833708790e+01    0.1960663292e+00    0.1464125881e+02
     0.1616300887e+00    0.1542120449e+03    0.2885682019e+01    0.1991155167e+00    0.1454356887e+02
     0.1624145134e+00    0.1549744389e+03    0.2938608492e+01    0.2022119665e+00    0.1444973291e+02
     0.1632039807e+00    0.1557420689e+03    0.2992505692e+01    0.2053561233e+00    0.1435963922e+02
     0.1639984258e+00    0.1565148335e+03    0.3047391425e+01    0.2085484361e+00    0.1427306437e+02
     0.1647978144e+00    0.1572926001e+03    0.3103283820e+01    0.2117893718e+00    0.1418995252e+02
     0.1656021828e+00    0.1580755427e+03    0.3160201341e+01    0.2150793988e+00    0.1411008024e+02
     0.1664115916e+00    0.1588636961e+03    0.3218162790e+01    0.2184189805e+00    0.1403333583e+02
     0.1672261079e+00    0.1596570353e+03    0.3277187313e+01    0.2218085882e+00    0.1395966342e+02
     0.1680457852e+00    0.1604558109e+03    0.3337294409e+01    0.2252486876e+00    0.1388883961e+02
     0.1688706891e+00    0.1612601517e+03    0.3398503933e+01    0.2287397322e+00    0.1382086440e+02
     0.1697008834e+00    0.1620700533e+03    0.3460836104e+01    0.2322821766e+00    0.1375551435e+02
     0.1705363964e+00    0.1628855415e+03    0.3524311514e+01    0.2358764782e+00    0.1369273362e+02
     0.1713772614e+00    0.1637064311e+03    0.3588951130e+01    0.2395231039e+00    0.1363241050e+02
     0.1722235160e+00    0.1645325630e+03    0.3654776306e+01    0.2432225444e+00    0.1357448914e+02
     0.1730751890e+00    0.1653642477e+03    0.3721808784e+01    0.2469752852e+00    0.1351891367e+02
     0.1739323200e+00    0.1662016978e+03    0.3790070710e+01    0.2507817916e+00    0.1346546069e+02
     0.1747949555e+00    0.1670450220e+03    0.3859584632e+01    0.2546425206e+00    0.1341418603e+02
     0.1756631428e+00    0.1678942912e+03    0.3930373513e+01    0.2585579238e+00    0.1336497801e+02
     0.1765369444e+00    0.1687493520e+03    0.4002460738e+01    0.2625284599e+00    0.1331772490e+02
     0.1774164347e+00    0.1696101867e+03    0.4075870119e+01    0.2665546030e+00    0.1327237085e+02
     0.1783017009e+00    0.1704769845e+03    0.4150625905e+01    0.2706368184e+00    0.1322886001e+02
     0.1791928369e+00    0.1713497505e+03    0.4226752793e+01    0.2747755663e+00    0.1318713652e+02
     0.1800898053e+00    0.1722285638e+03    0.4304275928e+01    0.2789713078e+00    0.1314708867e+02
     0.1809924825e+00    0.1731134577e+03    0.4383220920e+01    0.2832244992e+00    0.1310871646e+02
     0.1819007849e+00    0.1740043277e+03    0.4463613846e+01    0.2875356051e+00    0.1307196404e+02
     0.1828148292e+00    0.1749013906e+03    0.4545481265e+01    0.2919050883e+00    0.1303671970e+02
     0.1837348133e+00    0.1758048048e+03    0.4628850219e+01    0.2963333933e+00    0.1300298344e+02
     0.1846608751e+00    0.1767146024e+03    0.4713748248e+01    0.3008209596e+00    0.1297069940e+02
     0.1855930048e+00    0.1776307766e+03    0.4800203397e+01    0.3053682264e+00    0.1293981173e+02
     0.1865311872e+00    0.1785531080e+03    0.4888244225e+01    0.3099756459e+00    0.1291026457e+02
     0.1874754511e+00    0.1794817260e+03    0.4977899816e+01    0.3146436824e+00    0.1288200207e+02
     0.1884258651e+00    0.1804169930e+03    0.5069199785e+01    0.3193727712e+00    0.1285502423e+02
     0.1893825031e+00    0.1813590814e+03    0.5162174293e+01    0.3241633234e+00    0.1282927520e+02
     0.1903454028e+00    0.1823079782e+03    0.5256854052e+01    0.3290157434e+00    0.1280469911e+02
     0.1913146045e+00    0.1832634125e+03    0.5353270338e+01    0.3339304509e+00    0.1278124012e+02
     0.1922901332e+00    0.1842253610e+03    0.5451455001e+01    0.3389078880e+00    0.1275889823e+02
     0.1932719951e+00    0.1851941436e+03    0.5551440476e+01    0.3439484761e+00    0.1273767343e+02
     0.1942602373e+00    0.1861699127e+03    0.5653259790e+01    0.3490526135e+00    0.1271745401e+02
     0.1952550529e+00    0.1871527109e+03    0.5756946578e+01    0.3542206887e+00    0.1269823998e+02
     0.1962566919e+00    0.1881423558e+03    0.5862535093e+01    0.3594530975e+00    0.1267997548e+02
     0.1972651494e+00    0.1891388614e+03    0.5970060212e+01    0.3647502504e+00    0.1266266051e+02
     0.1982801331e+00    0.1901424920e+03    0.6079557457e+01    0.3701125376e+00    0.1264629507e+02
     0.1993014457e+00    0.1911533763e+03    0.6191062998e+01    0.3755403295e+00    0.1263076745e+02
     0.2003293018e+00    0.1921716679e+03    0.6304613668e+01    0.3810339810e+00    0.1261613351e+02
     0.2013640162e+00    0.1931973407e+03    0.6420246979e+01    0.3865938389e+00    0.1260228154e+02
     0.2024056762e+00    0.1942304514e+03    0.6538001127e+01    0.3922202507e+00    0.1258926738e+02
     0.2034542177e+00    0.1952710190e+03    0.6657915011e+01    0.3979135548e+00    0.1257703519e+02
     0.2045096444e+00    0.1963190186e+03    0.6780028243e+01    0.4036740928e+00    0.1256558497e+02
     0.2055720788e+00    0.1973745373e+03    0.6904381162e+01    0.4095021980e+00    0.1255480501e+02
     0.2066416365e+00    0.1984375472e+03    0.7031014845e+01    0.4153982012e+00    0.1254475115e+02
     0.2077182810e+00    0.1995082784e+03    0.7159971124e+01    0.4213624203e+00    0.1253542341e+02
     0.2088019631e+00    0.2005868665e+03    0.7291292599e+01    0.4273951486e+00    0.1252671007e+02
     0.2098928623e+00    0.2016734327e+03    0.7425022649e+01    0.4334966650e+00    0.1251866699e+02
     0.2109913074e+00    0.2027679763e+03    0.7561205450e+01    0.4396672370e+00    0.1251129416e+02
     0.2120973680e+00    0.2038705412e+03    0.7699885988e+01    0.4459071318e+00    0.1250447989e+02
     0.2132107901e+00    0.2049812709e+03    0.7841110075e+01    0.4522165988e+00    0.1249822416e+02
     0.2143314374e+00    0.2061002198e+03    0.7984924361e+01    0.4585958761e+00    0.1249258283e+02
     0.2154594704e+00    0.2072275014e+03    0.8131376354e+01    0.4650451867e+00    0.1248750005e+02
     0.2165950721e+00    0.2083631076e+03    0.8280514432e+01    0.4715647461e+00    0.1248291996e+02
     0.2177383109e+00    0.2095071759e+03    0.8432387861e+01    0.4781547584e+00    0.1247884256e+02
     0.2188892473e+00    0.2106597268e+03    0.8587046810e+01    0.4848154143e+00    0.1247532371e+02
     0.2200479726e+00    0.2118209130e+03    0.8744542368e+01    0.4915468918e+00    0.1247225170e+02
     0.2212145919e+00    0.2129907898e+03    0.8904926562e+01    0.4983493506e+00    0.1246962653e+02
     0.2223891305e+00    0.2141694922e+03    0.9068252373e+01    0.5052229375e+00    0.1246750405e+02
     0.2235715909e+00    0.2153570707e+03    0.9234573752e+01    0.5121677811e+00    0.1246577255e+02
     0.2247621018e+00    0.2165535940e+03    0.9403945642e+01    0.5191840009e+00    0.1246448789e+02
     0.2259608788e+00    0.2177590607e+03    0.9576423993e+01    0.5262717053e+00    0.1246359422e+02
     0.2271680524e+00    0.2189736998e+03    0.9752065779e+01    0.5334309899e+00    0.1246314738e+02
     0.2283836795e+00    0.2201978577e+03    0.9930929023e+01    0.5406619043e+00    0.1246303567e+02
     0.2296076499e+00    0.2214315736e+03    0.1011307281e+02    0.5479644687e+00    0.1246331494e+02
     0.2308397326e+00    0.2226745642e+03    0.1029855730e+02    0.5553387144e+00    0.1246392935e+02
     0.2320800600e+00    0.2239269164e+03    0.1048744378e+02    0.5627846876e+00    0.1246493473e+02
     0.2333290696e+00    0.2251890182e+03    0.1067979464e+02    0.5703023905e+00    0.1246621939e+02
     0.2345868518e+00    0.2264609918e+03    0.1087567342e+02    0.5778917877e+00    0.1246783918e+02
     0.2358532291e+00    0.2277426886e+03    0.1107514482e+02    0.5855528412e+00    0.1246979409e+02
     0.2371283366e+00    0.2290343919e+03    0.1127827473e+02    0.5932855069e+00    0.1247202828e+02
     0.2384125240e+00    0.2303366196e+03    0.1148513027e+02    0.6010896755e+00    0.1247454175e+02
     0.2397058681e+00    0.2316494177e+03    0.1169577976e+02    0.6089651944e+00    0.1247727863e+02
     0.2410083075e+00    0.2329724730e+03    0.1191029278e+02    0.6169119266e+00    0.1248035064e+02
     0.2423199334e+00    0.2343058862e+03    0.1212874020e+02    0.6249297459e+00    0.1248364607e+02
     0.2436409268e+00    0.2356498622e+03    0.1235119417e+02    0.6330184954e+00    0.1248722077e+02
     0.2449715155e+00    0.2370047040e+03    0.1257772819e+02    0.6411779807e+00    0.1249096304e+02
     0.2463117927e+00    0.2383705493e+03    0.1280841709e+02    0.6494079703e+00    0.1249498458e+02
     0.2476613454e+00    0.2397472522e+03    0.1304333706e+02    0.6577082259e+00    0.1249922954e+02
     0.2490200592e+00    0.2411347440e+03    0.1328256571e+02    0.6660785243e+00    0.1250364207e+02
     0.2503886028e+00    0.2425334587e+03    0.1352618207e+02    0.6745186074e+00    0.1250822215e+02
     0.2517673514e+00    0.2439438704e+03    0.1377426662e+02    0.6830281538e+00    0.1251302566e+02
     0.2531562168e+00    0.2453663922e+03    0.1402690130e+02    0.6916067750e+00    0.1251799673e+02
     0.2545550548e+00    0.2468007548e+03    0.1428416956e+02    0.7002540620e+00    0.1252313537e+02
     0.2559637934e+00    0.2482463822e+03    0.1454615640e+02    0.7089696665e+00    0.1252844157e+02
     0.2573828449e+00    0.2497041236e+03    0.1481294836e+02    0.7177532228e+00    0.1253391533e+02
     0.2588126576e+00    0.2511746849e+03    0.1508463357e+02    0.7266042326e+00    0.1253950081e+02
     0.2602533336e+00    0.2526573083e+03    0.1536130177e+02    0.7355222005e+00    0.1254519799e+02
     0.2617047572e+00    0.2541519224e+03    0.1564304436e+02    0.7445067041e+00    0.1255106274e+02
     0.2631666719e+00    0.2556595099e+03    0.1592995440e+02    0.7535572357e+00    0.1255703920e+02
     0.2646392541e+00    0.2571802832e+03    0.1622212668e+02    0.7626731976e+00    0.1256307151e+02
     0.2661228817e+00    0.2587141240e+03    0.1651965772e+02    0.7718539948e+00    0.1256927138e+02
     0.2676178419e+00    0.2602614768e+03    0.1682264578e+02    0.7810990032e+00    0.1257552712e+02
     0.2691242297e+00    0.2618223816e+03    0.1713119097e+02    0.7904075518e+00    0.1258189456e+02
     0.2706419624e+00    0.2633963956e+03    0.1744539521e+02    0.7997789992e+00    0.1258831785e+02
     0.2721711926e+00    0.2649840989e+03    0.1776536229e+02    0.8092126996e+00    0.1259479700e+02
     0.2737121026e+00    0.2665860821e+03    0.1809119790e+02    0.8187079055e+00    0.1260133201e+02
     0.2752647265e+00    0.2682019855e+03    0.1842300968e+02    0.8282638559e+00    0.1260797872e+02
     0.2768295859e+00    0.2698321943e+03    0.1876090724e+02    0.8378798021e+00    0.1261462543e+02
     0.2784072187e+00    0.2714774616e+03    0.1910500221e+02    0.8475548959e+00    0.1262132800e+02
     0.2799968644e+00    0.2731373877e+03    0.1945540824e+02    0.8572882628e+00    0.1262808643e+02
     0.2815985170e+00    0.2748119809e+03    0.1981224109e+02    0.8670790711e+00    0.1263490070e+02
     0.2832130641e+00    0.2765020001e+03    0.2017561863e+02    0.8769264242e+00    0.1264165913e+02
     0.2848403960e+00    0.2782080776e+03    0.2054566090e+02    0.8868293329e+00    0.1264847341e+02
     0.2864805166e+00    0.2799301469e+03    0.2092249014e+02    0.8967867614e+00    0.1265528768e+02
     0.2881338175e+00    0.2816675615e+03    0.2130623083e+02    0.9067977316e+00    0.1266210196e+02
     0.2898001745e+00    0.2834208202e+03    0.2169700974e+02    0.9168612784e+00    0.1266897210e+02
     0.2914799626e+00    0.2851906778e+03    0.2209495594e+02    0.9269763460e+00    0.1267578637e+02
     0.2931740226e+00    0.2869775822e+03    0.2250020089e+02    0.9371417991e+00    0.1268254480e+02
     0.2948820290e+00    0.2887812739e+03    0.2291287847e+02    0.9473564910e+00    0.1268935908e+02
     0.2966037080e+00    0.2906018639e+03    0.2333312500e+02    0.9576192997e+00    0.1269606164e+02
     0.2983392668e+00    0.2924400359e+03    0.2376107929e+02    0.9679290471e+00    0.1270276421e+02
     0.3000892986e+00    0.2942965191e+03    0.2419688272e+02    0.9782844659e+00    0.1270946678e+02
     0.3018539113e+00    0.2961711220e+03    0.2464067925e+02    0.9886842493e+00    0.1271611350e+02
     0.3036331840e+00    0.2980634945e+03    0.2509261548e+02    0.9991271474e+00    0.1272264850e+02
     0.3054275817e+00    0.2999741640e+03    0.2555284069e+02    0.1009611900e+01    0.1272918350e+02
     0.3072370890e+00    0.3019043028e+03    0.2602150693e+02    0.1020137147e+01    0.1273566265e+02
     0.3090623597e+00    0.3038541224e+03    0.2649876900e+02    0.1030701429e+01    0.1274203009e+02
     0.3109037979e+00    0.3058231896e+03    0.2698478457e+02    0.1041303330e+01    0.1274834168e+02
     0.3127601673e+00    0.3078119101e+03    0.2747971418e+02    0.1051941440e+01    0.1275459741e+02
     0.3146324546e+00    0.3098206774e+03    0.2798372132e+02    0.1062614305e+01    0.1276074143e+02
     0.3165212510e+00    0.3118498916e+03    0.2849697249e+02    0.1073320434e+01    0.1276682960e+02
     0.3184263736e+00    0.3139000924e+03    0.2901963723e+02    0.1084058293e+01    0.1277280606e+02
     0.3203482413e+00    0.3159718291e+03    0.2955188820e+02    0.1094826287e+01    0.1277867080e+02
     0.3222871709e+00    0.3180649748e+03    0.3009390121e+02    0.1105622809e+01    0.1278447970e+02
     0.3242432595e+00    0.3201797307e+03    0.3064585532e+02    0.1116446272e+01    0.1279012103e+02
     0.3262171049e+00    0.3223168350e+03    0.3120793285e+02    0.1127295045e+01    0.1279570650e+02
     0.3282092723e+00    0.3244769164e+03    0.3178031948e+02    0.1138167422e+01    0.1280112441e+02
     0.3302189226e+00    0.3266600112e+03    0.3236320430e+02    0.1149061688e+01    0.1280643061e+02
     0.3322465578e+00    0.3288670578e+03    0.3295677983e+02    0.1159976086e+01    0.1281162510e+02
     0.3342927172e+00    0.3310971869e+03    0.3356124218e+02    0.1170908852e+01    0.1281670788e+02
     0.3363576664e+00    0.3333512148e+03    0.3417679100e+02    0.1181858310e+01    0.1282162310e+02
     0.3384416077e+00    0.3356307805e+03    0.3480362965e+02    0.1192822591e+01    0.1282637075e+02
     0.3405450662e+00    0.3379352051e+03    0.3544196518e+02    0.1203799838e+01    0.1283100670e+02
     0.3426689456e+00    0.3402653933e+03    0.3609200846e+02    0.1214788197e+01    0.1283553093e+02
     0.3448123874e+00    0.3426213074e+03    0.3675397422e+02    0.1225785785e+01    0.1283988760e+02
     0.3469757394e+00    0.3450034014e+03    0.3742808115e+02    0.1236790737e+01    0.1284402085e+02
     0.3491597006e+00    0.3474130574e+03    0.3811455190e+02    0.1247801115e+01    0.1284804239e+02
     0.3513644431e+00    0.3498503296e+03    0.3881361327e+02    0.1258814906e+01    0.1285189637e+02
     0.3535903141e+00    0.3523147958e+03    0.3952549615e+02    0.1269830181e+01    0.1285558278e+02
     0.3558377662e+00    0.3548076787e+03    0.4025043573e+02    0.1280845001e+01    0.1285910163e+02
     0.3581070446e+00    0.3573297987e+03    0.4098867147e+02    0.1291857322e+01    0.1286245291e+02
     0.3603990442e+00    0.3598807335e+03    0.4174044724e+02    0.1302865148e+01    0.1286563663e+02
     0.3627138591e+00    0.3624620270e+03    0.4250601137e+02    0.1313866455e+01    0.1286859694e+02
     0.3650505821e+00    0.3650740671e+03    0.4328561676e+02    0.1324859133e+01    0.1287138967e+02
     0.3674105989e+00    0.3677161055e+03    0.4407952094e+02    0.1335841169e+01    0.1287395899e+02
     0.3697944551e+00    0.3703910511e+03    0.4488798617e+02    0.1346810468e+01    0.1287641660e+02
     0.3722021401e+00    0.3730975550e+03    0.4571127951e+02    0.1357764878e+01    0.1287859493e+02
     0.3746339237e+00    0.3758371446e+03    0.4654967292e+02    0.1368702328e+01    0.1288060570e+02
     0.3770918769e+00    0.3786099891e+03    0.4740344336e+02    0.1379620672e+01    0.1288239306e+02
     0.3795737837e+00    0.3814170681e+03    0.4827287286e+02    0.1390517782e+01    0.1288401284e+02
     0.3820810944e+00    0.3842582093e+03    0.4915824861e+02    0.1401391525e+01    0.1288540921e+02
     0.3846141332e+00    0.3871351483e+03    0.5005986310e+02    0.1412239769e+01    0.1288658216e+02
     0.3871736524e+00    0.3900482864e+03    0.5097801415e+02    0.1423060304e+01    0.1288753169e+02
     0.3897599085e+00    0.3929972758e+03    0.5191300507e+02    0.1433850995e+01    0.1288831366e+02
     0.3923742873e+00    0.3959836394e+03    0.5286514472e+02    0.1444609718e+01    0.1288881635e+02
     0.3950152984e+00    0.3990083595e+03    0.5383474762e+02    0.1455334267e+01    0.1288915148e+02
     0.3976842734e+00    0.4020714862e+03    0.5482213407e+02    0.1466022477e+01    0.1288920733e+02
     0.4003817134e+00    0.4051742162e+03    0.5582763023e+02    0.1476672170e+01    0.1288903977e+02
     0.4031080907e+00    0.4083166941e+03    0.5685156826e+02    0.1487281189e+01    0.1288870464e+02
     0.4058636307e+00    0.4115002300e+03    0.5789428640e+02    0.1497847378e+01    0.1288809024e+02
     0.4086496295e+00    0.4147261559e+03    0.5895612910e+02    0.1508368529e+01    0.1288725242e+02
     0.4114663631e+00    0.4179935304e+03    0.6003744712e+02    0.1518842476e+01    0.1288613532e+02
     0.4143128389e+00    0.4213045967e+03    0.6113859766e+02    0.1529267117e+01    0.1288485066e+02
     0.4171909554e+00    0.4246606892e+03    0.6225994447e+02    0.1539640219e+01    0.1288328673e+02
     0.4201007916e+00    0.4280607102e+03    0.6340185798e+02    0.1549959633e+01    0.1288144353e+02
     0.4230428806e+00    0.4315071082e+03    0.6456471539e+02    0.1560223283e+01    0.1287943275e+02
     0.4260188797e+00    0.4349995449e+03    0.6574890084e+02    0.1570428979e+01    0.1287714271e+02
     0.4290270676e+00    0.4385405925e+03    0.6695480551e+02    0.1580574649e+01    0.1287457339e+02
     0.4320695169e+00    0.4421292710e+03    0.6818282775e+02    0.1590658153e+01    0.1287178066e+02
     0.4351460257e+00    0.4457678439e+03    0.6943337322e+02    0.1600677410e+01    0.1286876450e+02
     0.4382577563e+00    0.4494567405e+03    0.7070685503e+02    0.1610630354e+01    0.1286546907e+02
     0.4414051422e+00    0.4531975754e+03    0.7200369384e+02    0.1620514878e+01    0.1286189437e+02
     0.4445895450e+00    0.4569895087e+03    0.7332431806e+02    0.1630328979e+01    0.1285809624e+02
     0.4478095361e+00    0.4608358813e+03    0.7466916392e+02    0.1640070640e+01    0.1285401885e+02
     0.4510670564e+00    0.4647362541e+03    0.7603867569e+02    0.1649737819e+01    0.1284971803e+02
     0.4543624324e+00    0.4686930683e+03    0.7743330576e+02    0.1659328527e+01    0.1284513794e+02
     0.4576969929e+00    0.4727057251e+03    0.7885351482e+02    0.1668840767e+01    0.1284033444e+02
     0.4610707593e+00    0.4767756585e+03    0.8029977203e+02    0.1678272665e+01    0.1283525166e+02
     0.4644836720e+00    0.4809051481e+03    0.8177255513e+02    0.1687622263e+01    0.1282988960e+02
     0.4679370895e+00    0.4850943817e+03    0.8327235064e+02    0.1696887680e+01    0.1282424827e+02
     0.4714316666e+00    0.4893456259e+03    0.8479965399e+02    0.1706067001e+01    0.1281838352e+02
     0.4749689875e+00    0.4936578229e+03    0.8635496970e+02    0.1715158406e+01    0.1281229536e+02
     0.4785477791e+00    0.4980346090e+03    0.8793881156e+02    0.1724160112e+01    0.1280587206e+02
     0.4821696950e+00    0.5024760194e+03    0.8955170275e+02    0.1733070295e+01    0.1279922535e+02
     0.4858355502e+00    0.5069834887e+03    0.9119417609e+02    0.1741887214e+01    0.1279229936e+02
     0.4895457684e+00    0.5115583234e+03    0.9286677413e+02    0.1750609141e+01    0.1278509410e+02
     0.4933025438e+00    0.5162019900e+03    0.9457004940e+02    0.1759234402e+01    0.1277766542e+02
     0.4971040562e+00    0.5209157202e+03    0.9630456454e+02    0.1767761332e+01    0.1276995746e+02
     0.5009524602e+00    0.5257009852e+03    0.9807089253e+02    0.1776188311e+01    0.1276197024e+02
     0.5048484767e+00    0.5305595584e+03    0.9986961686e+02    0.1784513717e+01    0.1275375959e+02
     0.5087937407e+00    0.5354927418e+03    0.1017013317e+03    0.1792736065e+01    0.1274526967e+02
     0.5127859447e+00    0.5404997927e+03    0.1035666421e+03    0.1800853740e+01    0.1273650048e+02
     0.5168296757e+00    0.5455865753e+03    0.1054661643e+03    0.1808865331e+01    0.1272745201e+02
     0.5209239857e+00    0.5507523839e+03    0.1074005258e+03    0.1816769390e+01    0.1271818012e+02
     0.5250703367e+00    0.5559982934e+03    0.1093703655e+03    0.1824564439e+01    0.1270868482e+02
     0.5292671418e+00    0.5613237344e+03    0.1113763342e+03    0.1832249238e+01    0.1269885438e+02
     0.5335178396e+00    0.5667350174e+03    0.1134190944e+03    0.1839822433e+01    0.1268880053e+02
     0.5378229877e+00    0.5722324542e+03    0.1154993211e+03    0.1847282720e+01    0.1267846740e+02
     0.5421843429e+00    0.5778165688e+03    0.1176177013e+03    0.1854628845e+01    0.1266791085e+02
     0.5465998976e+00    0.5834896261e+03    0.1197749348e+03    0.1861859583e+01    0.1265707504e+02
     0.5510714210e+00    0.5892523156e+03    0.1219717343e+03    0.1868973818e+01    0.1264601580e+02
     0.5556027183e+00    0.5951088532e+03    0.1242088255e+03    0.1875970428e+01    0.1263467728e+02
     0.5601921401e+00    0.6010601121e+03    0.1264869473e+03    0.1882848347e+01    0.1262305950e+02
     0.5648396518e+00    0.6071061468e+03    0.1288068522e+03    0.1889606515e+01    0.1261121829e+02
     0.5695474907e+00    0.6132495491e+03    0.1311693067e+03    0.1896244018e+01    0.1259915367e+02
     0.5743187556e+00    0.6194952272e+03    0.1335750911e+03    0.1902759892e+01    0.1258680977e+02
     0.5791508349e+00    0.6258417874e+03    0.1360250001e+03    0.1909153223e+01    0.1257424246e+02
     0.5840459032e+00    0.6322921156e+03    0.1385198431e+03    0.1915423233e+01    0.1256139587e+02
     0.5890067993e+00    0.6388495591e+03    0.1410604441e+03    0.1921569085e+01    0.1254832586e+02
     0.5940332366e+00    0.6455162758e+03    0.1436476425e+03    0.1927589982e+01    0.1253503243e+02
     0.5991244129e+00    0.6522915557e+03    0.1462822928e+03    0.1933485280e+01    0.1252145973e+02
     0.6042842485e+00    0.6591801262e+03    0.1489652654e+03    0.1939254269e+01    0.1250766361e+02
     0.6095122464e+00    0.6661831602e+03    0.1516974466e+03    0.1944896411e+01    0.1249364407e+02
     0.6148099225e+00    0.6733048971e+03    0.1544797388e+03    0.1950411110e+01    0.1247940111e+02
     0.6201784181e+00    0.6805456665e+03    0.1573130613e+03    0.1955797804e+01    0.1246487888e+02
     0.6256204341e+00    0.6879094326e+03    0.1601983499e+03    0.1961056035e+01    0.1245018908e+02
     0.6311344991e+00    0.6953974982e+03    0.1631365578e+03    0.1966185362e+01    0.1243522001e+02
     0.6367226225e+00    0.7030126238e+03    0.1661286555e+03    0.1971185447e+01    0.1242008337e+02
     0.6423856004e+00    0.7107555166e+03    0.1691756315e+03    0.1976055922e+01    0.1240466747e+02
     0.6481258274e+00    0.7186331093e+03    0.1722784923e+03    0.1980796529e+01    0.1238902814e+02
     0.6539440446e+00    0.7266453141e+03    0.1754382628e+03    0.1985406974e+01    0.1237322125e+02
     0.6598428853e+00    0.7347956406e+03    0.1786559868e+03    0.1989887090e+01    0.1235719094e+02
     0.6658194591e+00    0.7430846528e+03    0.1819327274e+03    0.1994236708e+01    0.1234093721e+02
     0.6718795283e+00    0.7515188119e+03    0.1852695668e+03    0.1998455761e+01    0.1232446006e+02
     0.6780208843e+00    0.7600972000e+03    0.1886676074e+03    0.2002544142e+01    0.1230775949e+02
     0.6842464765e+00    0.7688254043e+03    0.1921279717e+03    0.2006501861e+01    0.1229089136e+02
     0.6905585289e+00    0.7777050570e+03    0.1956518028e+03    0.2010328934e+01    0.1227379981e+02
     0.6969574286e+00    0.7867413815e+03    0.1992402646e+03    0.2014025449e+01    0.1225654070e+02
     0.7034443879e+00    0.7959355256e+03    0.2028945427e+03    0.2017591508e+01    0.1223905816e+02
     0.7100219146e+00    0.8052922410e+03    0.2066158441e+03    0.2021027254e+01    0.1222135221e+02
     0.7166881908e+00    0.8148115021e+03    0.2104053981e+03    0.2024332901e+01    0.1220347869e+02
     0.7234481784e+00    0.8244983811e+03    0.2142644565e+03    0.2027508689e+01    0.1218543761e+02
     0.7303027422e+00    0.8343600084e+03    0.2181942942e+03    0.2030554908e+01    0.1216722897e+02
     0.7372518019e+00    0.8443940539e+03    0.2221962093e+03    0.2033471872e+01    0.1214879690e+02
     0.7442981992e+00    0.8546073147e+03    0.2262715238e+03    0.2036259953e+01    0.1213019727e+02
     0.7514419306e+00    0.8650014648e+03    0.2304215838e+03    0.2038919554e+01    0.1211143008e+02
     0.7586869005e+00    0.8755830269e+03    0.2346477604e+03    0.2041451117e+01    0.1209249532e+02
     0.7660306535e+00    0.8863512276e+03    0.2389514495e+03    0.2043855126e+01    0.1207339300e+02
     0.7734800895e+00    0.8973150370e+03    0.2433340729e+03    0.2046132118e+01    0.1205412312e+02
     0.7810331563e+00    0.9084753302e+03    0.2477970782e+03    0.2048282639e+01    0.1203468567e+02
